iteration,time_sampling,stoc_pol_mean,stoc_pol_std,stoc_pol_max,stoc_pol_min,rollout_success,alpha,delta,time_vpg,time_npg,kl_dist,surr_improvement,running_score,rwd_sparse,rwd_dense,success_percentage,num_samples,time_VF,VF_error_before,VF_error_after,eval_score,eval_success
0,36.940524101257324,-101.4763153313553,4.394647091180259,-91.51107350038232,-116.82710076216387,0.0,2.3416911680346133,0.05,0.06809782981872559,0.41866254806518555,0.025949167,0.021976586,-101.4763153313553,-1.610940530124215,-2.0292571187253614,0.0,10000,0.937265157699585,0.9986776855586034,0.1917101446183474,-98.35288602249872,0.0
1,37.40952205657959,-100.82464017946987,5.268511293440188,-89.14933463313008,-125.05967469985369,0.0,2.951040549799904,0.05,0.014538288116455078,0.42499732971191406,0.024942666,0.017194672,-101.41114781616676,-1.6220093941575007,-2.016295218640861,0.0,10000,0.9287080764770508,0.1941464927520186,0.13015328845739596,-97.47915924990102,0.0
2,36.924344539642334,-100.59434208509668,4.8418359229071015,-90.98942141360483,-124.7306699218427,0.0,2.355971150895617,0.05,0.012783050537109375,0.43541502952575684,0.025512945,0.021170493,-101.32946724305975,-1.6031950588964599,-2.011751654044109,0.0,10000,0.8626632690429688,0.1243284097169946,0.09104046796891237,-97.95380472530044,0.0
3,36.86514115333557,-100.58732002046268,5.372534862346063,-91.8225457116313,-137.5367888691129,0.0,2.5057184680461213,0.05,0.012333154678344727,0.44052934646606445,0.024289543,0.019533576,-101.25525252080006,-1.5955420470853503,-2.011622715455845,0.0,10000,0.8062503337860107,0.07964884141072333,0.056111459501454075,-95.74571435063994,0.0
4,37.312997341156006,-99.79113396595461,4.568548982993324,-91.31392298392566,-115.02459838798141,0.0,2.1834193943114455,0.05,0.012681245803833008,0.4565598964691162,0.02796449,0.022365976,-101.10884066531551,-1.5898229286896592,-1.9956523820341758,0.0,10000,1.36549711227417,0.061033602522327965,0.02962145057213765,-94.34659195142868,0.0
5,37.48953127861023,-99.0482728960206,4.865539568510971,-92.43700385598322,-122.871320088129,0.0,1.91268703552036,0.05,0.013820171356201172,0.43802714347839355,0.028144402,0.027819727,-100.90278388838601,-1.5819727051208416,-1.9808739311418129,0.0,10000,1.7758095264434814,0.028497501606162528,0.010238506216969928,-92.42108940321089,0.0
6,37.437276124954224,-96.51707568418058,3.261723475452437,-91.15636302096772,-111.50597735433452,0.0,1.8656195444049997,0.05,0.015235662460327148,0.4263160228729248,0.027686553,0.026877167,-100.46421306796547,-1.5813916644569925,-1.9302373832555235,0.0,10000,2.209826946258545,0.010073051613394626,0.0023199577802318658,-92.25807617586008,0.0
7,37.879841327667236,-95.09638394859445,2.2453336942808884,-90.59797564909977,-103.57148488347,0.0,1.5781626335426937,0.05,0.013642072677612305,0.43252992630004883,0.023582261,0.030474737,-99.92743015602838,-1.5774339413449794,-1.9018801714147702,0.0,10000,2.0799038410186768,0.0015457189706773742,0.0007223277177607251,-93.03211572927039,0.0
8,38.261186599731445,-93.65263954520918,1.395879008595897,-90.58632157654583,-99.6543315620954,0.0,1.3157002465115437,0.05,0.01936197280883789,0.41651391983032227,0.025866387,0.039552413,-99.29995109494645,-1.5770236819831376,-1.8730499844186204,0.0,10000,2.0402917861938477,0.0004788546622709242,0.00035790745344177146,-92.63894636797055,0.0
9,37.35344195365906,-92.34744650651315,1.4270786156738486,-89.30112835488244,-99.31916291410045,0.0,1.4684925728919542,0.05,0.025365114212036133,0.44356441497802734,0.02510554,0.03377763,-98.60470063610313,-1.5779438459202573,-1.8469800842258943,0.0,10000,1.7852966785430908,0.0006034877172667354,0.00029727518887482285,-91.61864987482001,0.0
10,37.572423458099365,-91.33273745808972,1.4963170929850358,-88.18167767296232,-100.60989310869675,0.0,1.296399599531784,0.05,0.013391256332397461,0.4261963367462158,0.025295144,0.03929831,-97.8775043183018,-1.578447239377499,-1.8267218981071287,0.0,10000,2.0356905460357666,0.0004285396599597917,0.00041741062289965336,-90.58031658486848,0.0
11,37.70403718948364,-90.15406941488968,1.2235811524768867,-87.65289645341566,-98.73206966951,0.0,1.3614910771511124,0.05,0.026376724243164062,0.45869970321655273,0.02772052,0.039148968,-97.10516082796059,-1.5783181505341537,-1.8031663329777883,0.0,10000,2.1500775814056396,0.00032995759602319106,0.00025578643885628907,-90.55523093806333,0.0
12,37.307777643203735,-89.34375657237743,0.8875020609072197,-87.38062229073641,-93.12720816791845,0.0,1.484358327919406,0.05,0.012501955032348633,0.45708799362182617,0.0239388,0.033518117,-96.32902040240226,-1.5769220806114495,-1.786999306985369,0.0,10000,2.0679328441619873,0.000279280409145441,0.0001772937852737463,-89.35941238734844,0.0
13,37.53759288787842,-88.74460811282806,0.7479964386668835,-87.41307545445802,-93.44773455973086,0.0,1.7140457307016106,0.05,0.01289057731628418,0.4342339038848877,0.027293948,0.028721046,-95.57057917344484,-1.5775718443080555,-1.7750315003545263,0.0,10000,1.976311206817627,0.0001552024384356416,0.00010806034888821603,-88.7129585790518,0.0
14,37.60412621498108,-88.21599097974727,0.5646211663273931,-86.76502313929551,-90.12139428007744,0.0,1.4217250122308316,0.05,0.015330314636230469,0.4277164936065674,0.028886408,0.03522485,-94.83512035407509,-1.5769220806114495,-1.7644723990626037,0.0,10000,2.104074478149414,9.197576396144573e-05,6.336086559975911e-05,-88.64779820127988,0.0
15,37.23320984840393,-87.81302616724918,0.5697533989477827,-86.74448816066409,-92.73421579198302,0.0,1.620613169829664,0.05,0.011993408203125,0.4535248279571533,0.028313352,0.029273773,-94.1329109353925,-1.5772547444254061,-1.7563987944240518,0.0,10000,2.2237026691436768,8.878729263161511e-05,8.148500130590487e-05,-88.51964832429624,0.0
16,37.738285303115845,-87.51886220696063,0.4091121956208674,-86.76056890509201,-88.97467045255196,0.0,1.6946623881287572,0.05,0.012910842895507812,0.4101908206939697,0.027888812,0.031287234,-93.47150606254932,-1.5769405891904595,-1.7505357322747583,0.0,10000,1.9953019618988037,4.5334245488095153e-05,6.124669406676194e-05,-88.30404431770498,0.0
17,37.45290398597717,-87.23271078997779,0.3423673417494104,-86.5393959276425,-88.60937000957016,0.0,1.6125053256719997,0.05,0.012253999710083008,0.41162943840026855,0.02650235,0.032161612,-92.84762653529218,-1.5769220806114495,-1.7448078547596313,0.0,10000,2.1206259727478027,8.981766096666439e-05,3.0587283766769404e-05,-87.60294574814907,0.0
18,37.613537549972534,-87.09648923748132,0.35429040795450323,-86.46646035335515,-88.55756851536582,0.0,1.6216891299769884,0.05,0.01696157455444336,0.45577263832092285,0.02833463,0.033049747,-92.2725128055111,-1.5769411262918822,-1.7421022242056536,0.0,10000,2.149846315383911,3.969396582697264e-05,4.877983941751783e-05,-86.82174303969177,0.0
19,37.240971326828,-86.86173410168969,0.28850308535310737,-85.99600813795172,-87.88377450963247,0.0,1.6329193228197858,0.05,0.01737070083618164,0.447324275970459,0.02835456,0.031383034,-91.73143493512896,-1.5769220806114495,-1.7374131771812855,0.0,10000,1.7490406036376953,2.7030934270818912e-05,2.2128233494467097e-05,-86.56077261417349,0.0
20,37.574543952941895,-86.6657557440226,0.2577342348472555,-85.9255721720579,-87.53414501170093,0.0,1.470142046547089,0.05,0.011621236801147461,0.4160165786743164,0.026066357,0.034486685,-91.22486701601832,-1.5769220806114495,-1.7334995810363143,0.0,10000,1.8577032089233398,2.305223540463e-05,2.237275448184172e-05,-86.41776425162288,0.0
21,38.1442334651947,-86.50580893234299,0.26487443045930875,-84.67425626902929,-87.31603391372136,0.0,1.289435541874916,0.05,0.012843847274780273,0.3866143226623535,0.026651166,0.04017666,-90.7529612076508,-1.5769220806114495,-1.7303046057012068,0.0,10000,2.2250821590423584,1.8430337836325265e-05,1.8580039319660522e-05,-86.41124999691439,0.0
22,37.38788628578186,-86.25807554352633,0.4020275631058907,-84.38881706587964,-87.30298820335068,0.0,1.3618814138205686,0.05,0.011998414993286133,0.42472171783447266,0.024960728,0.036956914,-90.30347264123836,-1.5768897452960968,-1.72536548585365,0.0,10000,2.1433422565460205,4.492576963773466e-05,4.132097356951578e-05,-86.36487625452392,0.0
23,39.20345067977905,-85.7361337792442,0.7303824390637974,-80.38567894551504,-87.18576528081107,0.0,1.2295011231292967,0.05,0.01314687728881836,0.42882204055786133,0.024907319,0.04140761,-89.84673875503894,-1.5772263290311492,-1.7149441368585423,0.0,10000,2.06225848197937,0.00018756235530839553,0.00011453938605857795,-86.34154391148103,0.0
24,37.90330958366394,-84.99254616327157,1.0872303391421734,-79.74262905856943,-88.99064612645155,0.0,1.7414048585603494,0.05,0.013560771942138672,0.4379730224609375,0.02519013,0.029159825,-89.3613194958622,-1.5777729110059289,-1.7000754606113073,0.0,10000,2.0214803218841553,0.0003102641073450913,0.0003332135038616459,-84.81078977535431,0.0
25,38.4154531955719,-84.50518088166122,1.7149267965318067,-75.56383539268025,-96.0553987194593,0.0,2.3298787603052094,0.05,0.013946771621704102,0.41220831871032715,0.024629353,0.021466998,-88.87570563444211,-1.5783816565679234,-1.6903169001416019,0.0,10000,1.9980313777923584,0.000986775878239017,0.0008540327511964708,-83.89066200647608,0.0
26,39.235443353652954,-83.90588598701862,2.9841481038002526,-67.6312346492406,-96.52883293179698,0.0,2.6882378850809907,0.05,0.014065742492675781,0.42201995849609375,0.024197025,0.018263508,-88.37872366969977,-1.5770212987517747,-1.678284597588991,0.0,10000,2.1988940238952637,0.002833313850272351,0.0026099061428072577,-83.59482422286156,0.0
27,39.39130425453186,-83.7740009542835,2.657885410851122,-67.11576971619441,-96.51768472942057,0.0,2.450646277632252,0.05,0.01458287239074707,0.41770362854003906,0.025799366,0.021965042,-87.91825139815813,-1.5764160560490752,-1.6757249990063405,0.0,10000,2.0992236137390137,0.002193534640576262,0.0021446910228365584,-84.19140019837846,0.0
28,39.99922585487366,-83.60643025077206,3.290480499227372,-64.97266571081516,-96.66656225951994,0.0,2.6846949341759365,0.05,0.01724839210510254,0.45729899406433105,0.0266581,0.018509371,-87.48706928341953,-1.5769381533327946,-1.6725301001244426,0.0,10000,2.180372476577759,0.0031798906371463976,0.003182344420699495,-85.8738229494137,0.0
29,39.34000539779663,-83.1635138945819,3.3407710445351553,-67.12072967665168,-95.12610350206998,0.0,2.7854072354340644,0.05,0.01386117935180664,0.43529605865478516,0.025515841,0.018401228,-87.05471374453577,-1.5703393007381397,-1.6635453555359156,0.0,10000,2.155491352081299,0.0036246653340903543,0.0032751852376691603,-83.1167346750667,0.0
30,39.89618420600891,-82.49277136868463,3.714611958353605,-63.38888763488107,-89.42577616477658,0.0,2.868948702177387,0.05,0.012960672378540039,0.43854379653930664,0.025400616,0.017920295,-86.59851950695065,-1.5639107323865595,-1.650267983528091,0.0,10000,2.269237756729126,0.00424265337586824,0.004110672221080357,-83.13408971694226,0.0
31,40.30694031715393,-81.97807120822031,4.383458521821285,-54.88592411687744,-93.36460481690193,0.0,3.3984773678971307,0.05,0.014740943908691406,0.45494580268859863,0.025517229,0.014467487,-86.13647467707763,-1.5576213836953672,-1.6399090565712227,0.0,10000,1.942094326019287,0.005740913395234754,0.00565487341789802,-83.14009097515728,0.0
32,39.79548168182373,-81.84273225532172,4.659680726960756,-49.146062955560154,-93.232052930868,0.5,2.6996417673265176,0.05,0.015818119049072266,0.43112945556640625,0.025030296,0.018677786,-85.70710043490203,-1.5577502903806157,-1.6373373936206095,0.5,10000,1.9809050559997559,0.006685318324066202,0.006776206479975769,-81.47036808440274,0.0
33,39.785890340805054,-80.95980442157736,5.513785751330432,-59.23257131085643,-93.7147973332205,0.0,2.836196847376921,0.05,0.012267112731933594,0.42740750312805176,0.025383692,0.017836953,-85.23237083356958,-1.545631636517889,-1.6195780670480848,0.0,10000,1.956881046295166,0.009479349544764365,0.00971577865249137,-82.20879774626925,0.0
34,39.96387243270874,-81.59301691032671,4.957036411644974,-62.026768888750766,-95.16105465079227,0.0,2.875141795591124,0.05,0.012530803680419922,0.4123649597167969,0.026569648,0.017492883,-84.86843544124528,-1.5549424202808284,-1.6321529827264525,0.0,10000,2.0563385486602783,0.008240753800621553,0.009920294026125426,-73.71761620683739,0.0
35,40.51719307899475,-81.30256847784169,5.604343671914399,-57.246688372565536,-101.87361316274095,0.0,3.134744336061779,0.05,0.012427806854248047,0.4173703193664551,0.02520732,0.01572121,-84.51184874490492,-1.5511096545077079,-1.626280099586827,0.0,10000,1.935499668121338,0.01198504393705033,0.009184544210452618,-80.40649224778612,0.0
36,39.971985816955566,-80.70519265720965,5.444327685095166,-57.93566087752878,-99.21282527630478,0.0,3.139726455612118,0.05,0.013736486434936523,0.4367372989654541,0.025464179,0.016538272,-84.13118313613539,-1.5428031499611046,-1.6147395814645633,0.0,10000,1.9196209907531738,0.009309035079939305,0.00974676798762686,-59.9095564441753,0.0
37,40.0714590549469,-79.20571668147522,6.047279772721009,-58.94577889584144,-93.97028949391066,0.0,2.970011890899592,0.05,0.011880636215209961,0.4108397960662842,0.025697077,0.016213436,-83.63863649066937,-1.5213165181884478,-1.584708863138577,0.0,10000,1.927572250366211,0.01196173719233365,0.01177244487379361,-58.71860723741925,0.0
38,39.75883865356445,-79.45265054632117,6.7853998609986235,-53.506810995007854,-102.18622820525441,0.0,3.1263122432341603,0.05,0.016417264938354492,0.45348548889160156,0.02500011,0.01588133,-83.22003789623456,-1.5290668674954582,-1.5896709534928513,0.0,10000,1.8200442790985107,0.014682632905083027,0.01460929058745452,-61.575700309411914,0.0
39,40.488547563552856,-78.40655867042473,7.6339807639362975,-46.474429242424286,-97.5519688187123,0.0,2.797573498221942,0.05,0.014821767807006836,0.400559663772583,0.026399948,0.017871765,-82.73868997365358,-1.5191102070972975,-1.5690448075521144,0.0,10000,1.980283498764038,0.020055376682065838,0.018997216737095323,-63.20856813393971,0.0
40,39.767555236816406,-77.9854267474164,6.386731136945648,-57.319710022325836,-90.56422903394785,0.0,2.835556237814565,0.05,0.01755237579345703,0.4289665222167969,0.02693086,0.017263524,-82.26336365102986,-1.5124694813849424,-1.5599975756412479,0.0,10000,1.990004301071167,0.014804711846134798,0.013864796647804139,-52.951444703725336,0.0
41,40.106661319732666,-76.78044710099391,7.439839633408556,-49.565088877245984,-98.33665868091632,0.0,2.4634803247806643,0.05,0.013311386108398438,0.49881815910339355,0.02681082,0.020011008,-81.71507199602627,-1.497801341535046,-1.5362956029309052,0.0,10000,2.0823745727539062,0.019427923624333314,0.01936734155424061,-49.42332333312977,0.0
42,40.097241163253784,-75.48127907302741,8.120102673100904,-53.31796542492059,-94.88738321125753,0.0,2.797339843344119,0.05,0.013051509857177734,0.4337780475616455,0.0258862,0.017891489,-81.09169270372638,-1.4857955520018116,-1.510268349283547,0.0,10000,1.9591143131256104,0.02373602775952543,0.02334809312412675,-48.017950141313506,0.0
43,40.4589569568634,-73.84196338316161,8.845412709301458,-43.60659120416867,-91.35466810315421,0.0,2.793620578691123,0.05,0.01523137092590332,0.44248270988464355,0.025669476,0.018247575,-80.3667197716699,-1.467631398911347,-1.478078841633287,0.0,10000,2.062877655029297,0.031285331654955915,0.029012717556698975,-60.65633060970091,0.0
44,41.5089476108551,-71.53847730281267,9.906933194710787,-43.69451707234304,-92.80060324605995,0.0,3.0290112554867017,0.05,0.014196395874023438,0.42746591567993164,0.026290525,0.01613679,-79.48389552478419,-1.4388371450333985,-1.4316125979267182,0.0,10000,1.920886754989624,0.04066493250180766,0.03750017028377463,-47.527027670572,0.0
45,40.267175912857056,-70.42582423728341,9.678246445122689,-35.11360314964612,-94.03956112723283,1.5,2.2875515347121747,0.05,0.015226364135742188,0.43036818504333496,0.026690543,0.021549197,-78.5780883960341,-1.4256710928325063,-1.409651606280782,1.5,10000,1.8840546607971191,0.04029844345880881,0.04527880216758664,-46.245599581352266,0.0
46,41.4373242855072,-68.32187502789984,9.347529997421791,-43.464660402025146,-85.0785694386527,0.5,2.739975276290023,0.05,0.013625144958496094,0.44948554039001465,0.025799377,0.017688889,-77.55246705922067,-1.3996795615167477,-1.3676881863755312,0.5,10000,2.2014524936676025,0.05341229915617394,0.038459550070024925,-50.604016312165285,0.0
47,41.106433629989624,-65.71092204500343,10.186596421639752,-39.1562097836565,-89.81905507339533,2.5,2.468678069038237,0.05,0.013656377792358398,0.4352602958679199,0.026863651,0.019787911,-76.36831255779896,-1.371135595506373,-1.3154935909899519,2.5,10000,2.216524124145508,0.05512788404804833,0.05163440821293588,-53.85352901983809,0.0
48,40.13347101211548,-64.65609591928165,9.84397014070209,-39.371892383298224,-89.62915090206856,2.5,2.7312954111629906,0.05,0.014542102813720703,0.44110560417175293,0.025684347,0.017735062,-75.19709089394723,-1.35865517748096,-1.2944056713728835,2.5,10000,1.9913063049316406,0.052121034377643684,0.051924906011457515,-50.98752520103451,0.0
49,41.11373686790466,-62.2586486757576,10.885745723545796,-33.242022997940985,-87.9435911072552,4.5,2.81713201848331,0.05,0.01281118392944336,0.42173290252685547,0.026317062,0.016957507,-73.90324667212828,-1.3235239974462478,-1.2468940517200797,4.5,10000,2.2939534187316895,0.06899255679916368,0.07027498061272713,-56.63151299678708,0.0
50,40.87034773826599,-60.29626183307293,10.76219599864803,-38.549037095230396,-86.72946559850334,5.0,2.246763338654154,0.05,0.012409448623657227,0.42793703079223633,0.025531411,0.020896502,-72.54254818822275,-1.3043845963337068,-1.2073834115452442,5.0,10000,1.953446626663208,0.07431331436097927,0.07551129893872659,-56.57635708947218,0.0
51,40.96643948554993,-58.134002100585,9.39590076637746,-34.19786711569882,-88.9113307986796,7.0,2.451379244827011,0.05,0.015115499496459961,0.4188711643218994,0.024134476,0.01936456,-71.10169357945898,-1.278583509894701,-1.164289176875571,7.0,10000,1.7197144031524658,0.07788716705801434,0.06759878753995267,-56.518556516339096,0.0
52,41.115405559539795,-57.6424953963374,9.824891748088303,-32.52911665349373,-88.64489367075879,7.0,2.4038337677566726,0.05,0.01394796371459961,0.39110589027404785,0.022351945,0.01746904,-69.75577376114683,-1.276848375905947,-1.154076647131537,7.0,10000,2.0111377239227295,0.07194460940243314,0.06939543614318458,-57.6248314814717,0.0
53,40.539833545684814,-58.15283641454857,10.992896431175195,-31.597049370297206,-93.34814894287469,7.5,2.4064868815024734,0.05,0.018979310989379883,0.42603635787963867,0.022751316,0.01810539,-68.59548002648701,-1.283025188668804,-1.1649177148224354,7.5,10000,1.9901337623596191,0.08191251442346333,0.08202996156407508,-54.751284358773816,0.0
54,41.45194983482361,-56.49754769710843,10.001670851063764,-32.99896599087587,-91.56637736438627,10.0,3.1860792219289227,0.05,0.015139341354370117,0.4474809169769287,0.021270521,0.013284936,-67.38568679354916,-1.2620159247823313,-1.1318530176399593,10.0,10000,1.9873104095458984,0.08177747370660972,0.07667825510758727,-54.604317732139876,0.0
55,40.78899788856506,-56.33872500228794,10.593030586376855,-33.5944863218365,-88.17067229221708,11.0,3.2312200581523727,0.05,0.015223979949951172,0.4540882110595703,0.023751536,0.014690485,-66.28099061442303,-1.2573590046719025,-1.1283016685051925,11.0,10000,1.9920482635498047,0.0849256728936716,0.08647272263159514,-66.8133135093577,0.0
56,41.63527154922485,-54.99720889287134,11.684934062319027,-30.81340216156749,-83.32115641588493,20.0,3.0997306233598465,0.05,0.01749563217163086,0.41150879859924316,0.024938961,0.015843414,-65.15261244226787,-1.2423906383621237,-1.1020021194928984,20.0,10000,1.735912799835205,0.11459897171446742,0.10736432691258666,-51.7871599700524,0.0
57,40.53358721733093,-55.873532850289536,11.783929788250191,-34.01892747704756,-85.84140670082343,16.0,3.102115216980771,0.05,0.013931989669799805,0.4418058395385742,0.023419432,0.014337688,-64.22470448307004,-1.2501827550756175,-1.119088790653195,16.0,10000,1.9966192245483398,0.10689985594924833,0.10359526817377387,-53.23839997949058,0.0
58,40.41004538536072,-55.301857421111414,10.571081872336249,-31.91352360497205,-92.40345053051203,14.0,2.636835802499177,0.05,0.014537811279296875,0.4158358573913574,0.023227101,0.017241381,-63.33241977687418,-1.2462388073029411,-1.1077899397619473,14.0,10000,2.215027332305908,0.08946529087059092,0.08891432155399136,-53.507582427518095,0.0
59,39.92152714729309,-54.21202543718447,11.085435815910772,-31.55217443837032,-88.38659422694006,13.0,2.906666477399774,0.05,0.01521611213684082,0.4521298408508301,0.023497975,0.014482552,-62.42038034290522,-1.2290690767496033,-1.0860287876623547,13.0,10000,2.101353883743286,0.10157958816993293,0.10337577917523644,-51.70231827932215,0.0
60,40.957589626312256,-52.9964836289777,10.873558980338409,-29.12281709859887,-90.33188235264808,17.5,3.1159629193031595,0.05,0.012229442596435547,0.3883345127105713,0.024637608,0.015877428,-61.477990671512465,-1.2191956136128255,-1.061502629660024,17.5,10000,1.8332891464233398,0.10422366294559879,0.10575336086127271,-50.46278021815959,0.0
61,40.28730916976929,-52.18392000076159,10.862038052257438,-31.132586076261767,-83.55922735407151,22.5,3.002609843894717,0.05,0.012699365615844727,0.38478589057922363,0.023784138,0.01601594,-60.548583604437376,-1.2065482695651462,-1.045261335543678,22.5,10000,1.9608345031738281,0.11128364254246052,0.10909679795688457,-50.08904836343588,0.0
62,40.66324973106384,-51.18323995443845,9.923585306158259,-29.1481008010884,-87.10148963836622,24.5,3.223973712918783,0.05,0.012952089309692383,0.4086332321166992,0.023341294,0.014362862,-59.61204923943748,-1.1966449770246994,-1.025527195523982,24.5,10000,2.008758068084717,0.10175500554341374,0.10160204012128865,-49.03878311837157,0.0
63,41.016138792037964,-50.46985761876314,10.598948837326086,-28.548400314337137,-84.10647814117831,29.5,2.7123385588612257,0.05,0.016243457794189453,0.41000795364379883,0.021911094,0.015513964,-58.69783007737005,-1.1857253596966728,-1.0110924893462665,29.5,10000,1.951066493988037,0.11576957714789482,0.11446692057515338,-48.81628592076872,0.0
64,40.46716117858887,-50.74461793296417,11.28998524413858,-30.96494531717797,-85.6437299506213,25.5,2.850412031604854,0.05,0.015176773071289062,0.4177439212799072,0.02504938,0.014562528,-57.90250886292946,-1.1906565538349712,-1.0171874153289604,25.5,10000,1.681053876876831,0.12714109143624003,0.12500508455558526,-56.504532076928896,0.0
65,40.649497270584106,-49.93814397973945,11.045519884249153,-32.27140356566071,-89.67137506661378,30.5,2.7234094662760446,0.05,0.0161435604095459,0.4159204959869385,0.024428701,0.016526924,-57.10607237461046,-1.1781596549569702,-1.0007273337220568,30.5,10000,2.0708508491516113,0.12647603800881427,0.12510186307455495,-43.42303187777101,0.0
66,41.556888580322266,-49.606056852477394,10.413614683122717,-30.335508691218497,-81.64186421780289,31.0,3.2044940073324613,0.05,0.015771865844726562,0.4378316402435303,0.024623698,0.014499994,-56.35607082239716,-1.1759903853120555,-0.9942419214469603,31.0,10000,1.8909761905670166,0.11660645845253764,0.11401942640559493,-44.00239421541072,0.0
67,40.69365358352661,-48.687805557548785,11.187633117023195,-31.466795673389296,-87.81030891958578,39.5,3.0535992660086366,0.05,0.01583409309387207,0.4157450199127197,0.025360683,0.016050031,-55.58924429591232,-1.1641777339802173,-0.9759036241070457,39.5,10000,2.1096842288970947,0.1362657589837424,0.13529993638171509,-43.81046037782226,0.0
68,40.62232780456543,-48.87803710065574,11.63982798882044,-30.366040761594096,-86.28117515194943,33.5,3.75450410435437,0.05,0.015203237533569336,0.4490025043487549,0.02503357,0.011817656,-54.91812357638667,-1.167448279917993,-0.9797735398661577,33.5,10000,1.8611726760864258,0.14167360846056504,0.14042264469975996,-44.68733836780337,0.0
69,40.74484133720398,-48.111695070184126,9.831702757382308,-29.87156048407235,-84.36910938798115,31.5,2.4208144581265207,0.05,0.015913963317871094,0.44090771675109863,0.024782531,0.018736606,-54.23748072576642,-1.156456180498967,-0.9643886162096814,31.5,10000,1.8464596271514893,0.11160197311079217,0.11141090657597728,-45.52974775359736,0.0
70,41.79503774642944,-46.68049916988428,9.548034138968399,-30.05520049962903,-83.16410902232498,37.5,3.121623620132153,0.05,0.017889738082885742,0.39791059494018555,0.024612354,0.015343615,-53.481782570178204,-1.1415172463518184,-0.9358624383935158,37.5,10000,1.8246350288391113,0.11399667496383994,0.1162572358834893,-42.48633139166732,0.0
71,40.98668360710144,-47.34205798213117,10.780999971110575,-28.599028839328852,-79.90194940330352,41.0,2.864484721506143,0.05,0.014345645904541016,0.43355798721313477,0.023337772,0.014818021,-52.8678101113735,-1.1495300891975568,-0.9491111992841303,41.0,10000,1.652106523513794,0.1416747754511405,0.13588962536870877,-43.707323029642225,0.0
72,40.9417040348053,-45.63487740676441,10.305847824085244,-29.219744474273334,-85.00406205482167,47.0,3.0952926937193244,0.05,0.016943931579589844,0.4223153591156006,0.024864884,0.0150329955,-52.144516840912594,-1.1268131480403474,-0.9148376507946807,47.0,10000,1.8338441848754883,0.1361309454210956,0.1351108951933059,-41.77141500200263,0.0
73,41.03465747833252,-44.75544468463548,9.88184868004389,-27.510301692715753,-81.9804222774758,56.0,3.346060531652736,0.05,0.015444040298461914,0.42133331298828125,0.02509732,0.013705338,-51.40560962528488,-1.1172817185037431,-0.8976449897122262,56.0,10000,1.7496259212493896,0.13316728377724635,0.137541848323783,-35.342839973660276,100.0
74,40.46930813789368,-46.175638509515245,12.09429369631187,-28.737173741475083,-86.15446823281418,47.5,3.8325489597594475,0.05,0.019500732421875,0.44542837142944336,0.023359539,0.012023077,-50.88261251370792,-1.1343104249916263,-0.9260168179399159,47.5,10000,2.0254602432250977,0.1879900582367243,0.16763228177964795,-35.83750105738075,100.0
75,40.584348917007446,-46.294709846676504,11.23681177066904,-29.31316997136621,-87.00904646455292,38.5,3.0120525041005326,0.05,0.015341997146606445,0.4466888904571533,0.023581013,0.01314253,-50.42382224700478,-1.1350181613441113,-0.9282814634099743,38.5,10000,1.511793851852417,0.14988229127599836,0.1435197930269439,-36.6518170210175,100.0
76,41.357579946517944,-45.0295311562114,10.319908522604543,-30.1124798383491,-86.05887518747933,46.0,3.1084696209819294,0.05,0.014479875564575195,0.43628740310668945,0.023717277,0.014416992,-49.88439313792544,-1.1192473846654258,-0.9029226153578219,46.0,10000,1.5171282291412354,0.13394376060940738,0.13126316450479333,-34.655396715212575,100.0
77,40.85413932800293,-43.90570303506927,10.076986612791012,-25.497058163554804,-78.23800071692087,52.0,3.1836617512509267,0.05,0.014745473861694336,0.43917393684387207,0.025285393,0.014565699,-49.28652412763983,-1.1056511047824233,-0.8805768096326887,52.0,10000,1.6083130836486816,0.1312713926421752,0.12879808227611786,-26.47086946315366,100.0
78,41.020432233810425,-43.74381434463353,11.306661184094345,-24.47742469364436,-87.28692502833634,56.5,3.322784892675036,0.05,0.015917301177978516,0.425523042678833,0.025061702,0.013534052,-48.7322531493392,-1.1030840336088734,-0.8773962053024706,56.5,10000,1.9198532104492188,0.15906605015191322,0.1646029111768806,-25.00708710734053,100.0
79,40.27320194244385,-42.069329789542756,11.63527014465504,-24.401591792196456,-84.67778067930084,68.0,2.720066219306546,0.05,0.01278996467590332,0.4317302703857422,0.024449902,0.017619899,-48.06596081335956,-1.0846393180735623,-0.8440008296920977,68.0,10000,1.8960630893707275,0.19587071508798454,0.1748353448845626,-23.443907539572653,100.0
80,41.13255977630615,-41.46211176957007,11.284806273462914,-23.210776578143363,-85.89942669211514,67.0,2.8216038539752337,0.05,0.018651962280273438,0.4183471202850342,0.023821475,0.015673613,-47.405575908980616,-1.0781572271294424,-0.8314942814313878,67.0,10000,1.9152076244354248,0.17509307563579418,0.1708178762757111,-25.308726739209295,100.0
81,40.90007972717285,-38.50949477801289,11.680588368811538,-21.419101412710816,-84.22445236871775,78.0,2.3332806034986615,0.05,0.012708902359008789,0.4638400077819824,0.02535823,0.020293863,-46.51596779588384,-1.0394507912279916,-0.7726290280910972,78.0,10000,2.081134796142578,0.21733527042237782,0.202554979985248,-24.77880508491281,100.0
82,40.68430161476135,-40.313509067658764,13.03993107592205,-22.65767169422202,-82.80634347353744,67.5,2.3394289680960556,0.05,0.013634920120239258,0.4446218013763428,0.02390803,0.018596271,-45.89572192306133,-1.0604509927171981,-0.8081795123514982,67.5,10000,1.7953598499298096,0.22059014752107248,0.21489896997510927,-24.22371596743387,100.0
83,41.48862600326538,-36.152714351770044,12.573265604957882,-22.57061349228562,-81.76324104977412,82.5,2.9557957310512357,0.05,0.013627767562866211,0.45401859283447266,0.025444759,0.017688286,-44.92142116593221,-1.0079274028185268,-0.7254723624076851,82.5,10000,1.652397871017456,0.2510950662256959,0.2406668432205116,-24.501889002769527,100.0
84,40.6202027797699,-35.03270536404251,10.598738938117975,-21.708287266975066,-80.16451738229392,87.0,3.559935015136514,0.05,0.013723611831665039,0.4438772201538086,0.024776872,0.014232222,-43.93254958574324,-0.9949612813774383,-0.7034970087829254,87.0,10000,1.6722795963287354,0.20148388881958668,0.1925204773584662,-22.643569797385815,100.0
85,40.87368178367615,-32.695368186338044,10.772237635386247,-20.057743163615967,-83.1931594687408,88.0,3.7715157277982687,0.05,0.015727996826171875,0.4292008876800537,0.024822274,0.012967845,-42.80883144580272,-0.9655808693580247,-0.6567499303336445,88.0,10000,1.7878658771514893,0.23256495427077647,0.22417490334351622,-22.628556191389585,100.0
86,40.825966358184814,-33.381354271083076,11.625837476410547,-20.453626338888615,-100.80972723673362,85.0,2.981368008768491,0.05,0.018050193786621094,0.43544673919677734,0.02560451,0.0153234,-41.86608372833075,-0.9765471064716762,-0.6703086161638186,85.0,10000,1.9672784805297852,0.23250293146907858,0.22814273992957648,-23.353026284066978,100.0
87,40.970309257507324,-32.94933657966345,13.519317603314382,-18.904926689082306,-93.56319839082444,87.0,2.6713163410029335,0.05,0.01559901237487793,0.42819881439208984,0.02475345,0.018054593,-40.974409013464026,-0.9731982195840948,-0.6617960839705413,87.0,10000,1.9306211471557617,0.28480342631175054,0.2838950820284819,-22.212731369772378,100.0
88,40.86936283111572,-33.069974700530935,11.651842205508807,-18.959239876191667,-91.1962052327481,88.5,3.7037683857721904,0.05,0.01605057716369629,0.4150278568267822,0.024384018,0.011697357,-40.183965582170714,-0.971023815653248,-0.6640935437666502,88.5,10000,1.8474364280700684,0.23529204496817557,0.23168956984677422,-22.396498725388803,100.0
89,40.41966247558594,-31.193494383877614,11.611291431827722,-19.176809786397662,-98.29079735937067,91.5,2.53552717505283,0.05,0.010558605194091797,0.4479377269744873,0.0242554,0.01692941,-39.28491846234141,-0.9507570296303046,-0.6267084001819844,91.5,10000,2.1337339878082275,0.24856568005946125,0.24038833832383563,-22.164487171429723,100.0
90,40.27874827384949,-30.98496567573836,10.859280196491506,-19.63279520247207,-82.19138872975566,91.0,3.503279776097265,0.05,0.014409065246582031,0.4513978958129883,0.022829551,0.012116482,-38.4549231836811,-0.9451948468817432,-0.6223129752589568,91.0,10000,1.9354727268218994,0.2339951960604445,0.23722001864481937,-22.199121573315402,100.0
91,40.61955738067627,-30.27044392913971,10.141567205530825,-19.168766574441367,-87.27330544300432,94.5,2.7506625481296716,0.05,0.015932798385620117,0.4548366069793701,0.025133701,0.016750509,-37.636475258226966,-0.9361504155286855,-0.6079442364292622,94.5,10000,1.9444808959960938,0.21379266397887528,0.20720627257055904,-22.00362757498782,100.0
92,40.513325214385986,-29.675535382754525,10.36917477887837,-17.880948414672467,-81.58534851508544,91.0,3.061019232470897,0.05,0.014914274215698242,0.4392225742340088,0.024731597,0.015357972,-36.84038127067972,-0.9299257949213792,-0.5963069085508824,91.0,10000,1.5787298679351807,0.21745743115478103,0.2151612027552368,-22.298178486284318,100.0
93,40.947526931762695,-29.287942413154934,10.819404943309962,-17.72611583221947,-85.74931495889426,91.5,2.9458652999976667,0.05,0.028664112091064453,0.4260270595550537,0.025418485,0.015480377,-36.08513738492724,-0.9264526759320472,-0.5885578565656897,91.5,10000,1.5241565704345703,0.22961207817201115,0.2301480416390778,-21.8905078422919,100.0
94,40.44197416305542,-28.575039708871618,11.566684388250778,-18.60716820466174,-84.03462401021865,94.5,2.810103717765799,0.05,0.01415252685546875,0.44492030143737793,0.024677739,0.015961668,-35.334127617321684,-0.914931101202155,-0.5740725097795801,94.5,10000,1.4328131675720215,0.276827382151047,0.26146774372171283,-23.317380856355356,100.0
95,40.492223024368286,-27.80715178214045,9.645854231930496,-16.349528787080498,-82.51116293163713,94.5,3.0870790724270845,0.05,0.015367507934570312,0.44701123237609863,0.024896728,0.016984114,-34.58143003380356,-0.9056943644834092,-0.5587376274214452,94.5,10000,1.7278828620910645,0.20388393678450734,0.19865713073357652,-21.17146847765797,100.0
96,41.30968356132507,-27.5336738646853,11.213427978758913,-17.17862756334733,-82.60958387012978,92.5,2.7716717970062845,0.05,0.010538101196289062,0.43990278244018555,0.024895074,0.017403407,-33.87665441689173,-0.9031977765813471,-0.5533780156554929,92.5,10000,1.5124578475952148,0.2518538784520504,0.2425137179762757,-21.913748825810778,100.0
97,40.70995211601257,-26.91169971783799,9.755475859952586,-16.10367729919341,-84.65226408958966,94.5,2.745335924796564,0.05,0.016222238540649414,0.3985884189605713,0.024195129,0.016211063,-33.18015894698636,-0.894917790197643,-0.5410409027331263,94.5,10000,1.6186678409576416,0.21184944016398716,0.20702774450740888,-26.1236201043349,100.0
98,41.13969588279724,-28.165513160743185,13.31989936868838,-15.800270098913746,-83.29198013406501,89.5,2.6875753043049317,0.05,0.011092185974121094,0.4490678310394287,0.025670875,0.016785685,-32.678694368362045,-0.9100021344639255,-0.5658748828234864,89.5,10000,1.9383325576782227,0.3133702216477883,0.30634119215534994,-40.91092298466411,0.0
99,40.98654103279114,-25.80440150805518,9.166034170347924,-15.898028973300427,-90.76799138015058,93.0,2.6464424564752136,0.05,0.013566732406616211,0.40906667709350586,0.02435681,0.016488535,-31.99126508233136,-0.8817100300804347,-0.5186200288895035,93.0,10000,1.9211666584014893,0.19891855941661224,0.19382365762381665,-42.006203453183794,0.0
100,40.54761457443237,-25.771512625628183,10.180403200295581,-16.32062567314206,-96.88929231110973,93.5,2.7750228105511265,0.05,0.019153118133544922,0.445575475692749,0.025314832,0.0150175905,-31.369289836661043,-0.8825277199649619,-0.5182398085497455,93.5,10000,1.906745195388794,0.22658877992534573,0.22210681265184667,-28.647166717718118,0.0
101,40.46040201187134,-27.430376006323897,13.775221119271265,-16.053281647413073,-108.68669785209043,89.5,2.3315152589712937,0.05,0.013515472412109375,0.42943501472473145,0.02407998,0.015740506,-30.97539845362733,-0.9039426496677134,-0.551276774482691,89.5,10000,1.712477445602417,0.32794453381578614,0.32076177081051416,-16.83778426527739,100.0
102,41.224671363830566,-24.208597167915137,7.354468056626622,-13.410612954279676,-81.5697804124585,96.0,3.035802897024777,0.05,0.012860298156738281,0.4231443405151367,0.025290532,0.016576692,-30.298718325056115,-0.8634321409096585,-0.486975901932482,96.0,10000,2.0630037784576416,0.1730698601432791,0.13518941663197867,-27.571127754270314,0.0
103,40.6607460975647,-25.11829154937884,10.527229970377535,-14.91335606917828,-82.46207686442702,91.5,2.4231188313641905,0.05,0.013366222381591797,0.3907618522644043,0.021777583,0.017056456,-29.78067564748839,-0.8724471412468795,-0.5046492472883674,91.5,10000,1.8883295059204102,0.24760910785297913,0.23675203132429162,-17.27935938749034,100.0
104,41.005279779434204,-26.242148501730345,13.798042432379914,-15.157038004342786,-109.24861655159366,90.0,2.725976343331181,0.05,0.010408878326416016,0.41959333419799805,0.025224235,0.016953701,-29.426822932912586,-0.8895013382595204,-0.5275178974393053,90.0,10000,1.9800827503204346,0.32463479896516134,0.3151421447099372,-17.438999246921533,100.0
105,40.78722929954529,-26.433399654753238,12.69780302260036,-15.708563607022937,-83.34793864195417,93.5,3.0657706291434943,0.05,0.012497663497924805,0.44843053817749023,0.02463071,0.01445746,-29.12748060509665,-0.8884348436574954,-0.5310770625529186,93.5,10000,1.8381469249725342,0.28932768441181017,0.2879458848482316,-18.245977194894547,100.0
106,40.92076349258423,-24.626228076159972,8.21897888065242,-14.493272737049935,-83.41749828122869,95.0,2.5512474363825737,0.05,0.013182640075683594,0.44416332244873047,0.02557536,0.017688626,-28.677355352202984,-0.8682770276036278,-0.49511237675286823,95.0,10000,2.0042924880981445,0.18099617486922515,0.1594802426253826,-17.080107668289394,100.0
107,41.258554458618164,-25.85100213665879,12.109378662134626,-15.201734015779309,-84.54636025341053,92.5,2.264390747941442,0.05,0.01665043830871582,0.3954758644104004,0.02477503,0.020379886,-28.394720030648564,-0.8805938126750124,-0.5196933788263781,92.5,10000,1.8165135383605957,0.27775807662433116,0.2678313421229569,-29.75133655174603,0.0
108,40.38247203826904,-25.13634594474846,11.016650348321015,-14.991575165472295,-83.9549041965571,93.0,2.2757326955791006,0.05,0.01891303062438965,0.43207693099975586,0.024914313,0.022034934,-28.068882622058553,-0.87418367344715,-0.5055576117271379,93.0,10000,1.825300693511963,0.23891221695615006,0.2370251020514825,-40.778759456008494,0.0
109,40.41738772392273,-24.88323438332998,10.196183994552309,-16.01135618138529,-87.72583199421636,94.0,2.7807770531981535,0.05,0.01748347282409668,0.4199562072753906,0.024738623,0.01636478,-27.750317798185694,-0.8705534252298412,-0.5004817659003791,94.0,10000,1.9088163375854492,0.23537718733696616,0.23135745257310716,-40.049036142625496,0.0
110,40.27552819252014,-25.240613000208487,9.347668269909311,-15.651407519515583,-82.91668358918832,94.0,2.87843914304047,0.05,0.016907215118408203,0.42992091178894043,0.024808904,0.01657377,-27.499347318387976,-0.8764928726013796,-0.5075162699434114,94.0,10000,1.8808434009552002,0.19127332797275406,0.18765441223016732,-40.92959281718202,0.0
111,40.39642405509949,-23.050506633491604,7.343736794516093,-15.002390358297651,-79.13788319595479,96.5,2.9541443683795086,0.05,0.014703512191772461,0.4125220775604248,0.024797983,0.015822418,-27.05446324989834,-0.8494361257388454,-0.46378971243923933,96.5,10000,1.849684238433838,0.14295125227143624,0.1281773696330665,-29.766166714348497,0.0
112,40.518083333969116,-24.051521016201637,8.463611635411302,-14.642174945518814,-84.62978734469694,93.0,3.5216635791004225,0.05,0.012787342071533203,0.41018199920654297,0.024840908,0.012964573,-26.754169026528672,-0.8644003545987258,-0.4837112976926365,93.0,10000,2.0454015731811523,0.1716795630821949,0.16770404456284724,-16.66054081896602,100.0
113,42.04786014556885,-24.18735838297177,9.960743651404293,-13.252586827220828,-83.99373234494426,94.5,2.5972825063408655,0.05,0.017191648483276367,0.40079808235168457,0.025143474,0.018907426,-26.497487962172983,-0.8654216685864384,-0.48651290522557483,94.5,10000,1.8995709419250488,0.21367920418262806,0.2104788946868293,-15.1017544094715,100.0
114,41.124582290649414,-23.9521805506858,9.786006847114802,-14.887364573808826,-85.84347865071423,91.0,2.7044772188987265,0.05,0.01548147201538086,0.4320521354675293,0.024269301,0.018255137,-26.242957221024263,-0.8606171385897069,-0.48174103349751346,91.0,10000,2.026921510696411,0.21508252932209904,0.212236715039266,-41.5854896585357,0.0
115,40.780415296554565,-24.548788841703264,11.90878881666501,-13.911256705092347,-83.65951773407096,90.5,3.3619807179297365,0.05,0.016618013381958008,0.40459275245666504,0.024990778,0.015259704,-26.073540383092165,-0.8657834885261444,-0.49335814188398514,90.5,10000,2.027866840362549,0.27986082643131516,0.2738133946158281,-39.982072288737434,0.0
116,40.974443674087524,-23.326574809627935,9.866111683411184,-14.231350543555191,-83.24175036827175,93.5,2.7277779828341244,0.05,0.014616250991821289,0.44894933700561523,0.024885938,0.017820332,-25.798843825745745,-0.8508975103562909,-0.4692627591484978,93.5,10000,2.2413291931152344,0.21674418068651352,0.21680912684967169,-15.866684451639605,100.0
117,42.09944128990173,-23.522667141989796,10.348465559153112,-13.868951346529478,-86.07909483843538,94.0,2.8928344114976006,0.05,0.013947725296020508,0.4011237621307373,0.024993347,0.016678153,-25.571226157370152,-0.8568006261584662,-0.4732229117369105,94.0,10000,1.9022026062011719,0.2291252266945682,0.2245145268864576,-16.404656545629233,100.0
118,40.65734624862671,-22.539433196041454,9.165617034978746,-12.305393974467405,-83.05490442117085,93.5,2.6975582775611384,0.05,0.013892412185668945,0.38666820526123047,0.02524579,0.01735825,-25.26804686123728,-0.8434000445838171,-0.45361470555155736,93.5,10000,2.006673574447632,0.19121189963232854,0.1869529752664217,-17.396638740926402,100.0
119,40.68970012664795,-23.089725977559027,7.432589364993121,-13.52115608419291,-65.94425070979477,94.0,2.423404557412896,0.05,0.011060476303100586,0.4347679615020752,0.024855448,0.019368565,-25.050214772869456,-0.8506476020861224,-0.4645541087482613,94.0,10000,1.9051053524017334,0.14244646851113052,0.13765883663331663,-15.364101252036303,100.0
120,41.330705404281616,-21.86123253575106,6.381846494508789,-13.676461325579393,-80.57455022245492,97.5,2.346991567932707,0.05,0.016400575637817383,0.4028143882751465,0.022133786,0.01638769,-24.73131654915762,-0.8331558457368355,-0.4400617809629417,97.5,10000,2.3349714279174805,0.10672472281903347,0.10121779220557567,-45.36923283723917,0.0
121,40.63983964920044,-21.308578619948367,5.078158851826579,-13.942119734498416,-47.87507034084781,98.0,2.770438591609303,0.05,0.014296293258666992,0.39876413345336914,0.024986621,0.016524313,-24.389042756236694,-0.8263664326576035,-0.4289371491042548,98.0,10000,2.1616933345794678,0.0695154389836848,0.06845808107660359,-41.28465913469863,0.0
122,40.58218169212341,-23.036071027640727,9.921542404770175,-13.54901760102056,-81.68916961124665,90.0,2.8062272761291482,0.05,0.013302087783813477,0.43318700790405273,0.024642246,0.016400693,-24.253745583377096,-0.8486769033435009,-0.4630406168673683,90.0,10000,1.9486489295959473,0.22287293919416945,0.21358837601907513,-39.4683207194207,0.0
123,40.50422501564026,-23.063767830483247,9.871569738309017,-13.212131613472453,-85.80316398523419,92.5,3.3962069867440023,0.05,0.014236211776733398,0.42252039909362793,0.02508256,0.0138893435,-24.134747808087713,-0.8492316796848729,-0.46409695627492026,92.5,10000,1.8049407005310059,0.21125674671236153,0.202869455230026,-39.28156150185639,0.0
124,40.811371088027954,-22.426177342453457,11.234926147414074,-13.658077681412761,-108.15344905289302,94.0,3.2086139107315614,0.05,0.01340031623840332,0.42781925201416016,0.024367122,0.016803652,-23.96389076152429,-0.8411851304025827,-0.4512596401042838,94.0,10000,1.7267615795135498,0.25415791438890806,0.24562494870162846,-27.66137513217775,0.0
125,40.63099122047424,-21.601641951163447,5.8924707372615295,-13.349249563171814,-56.9029033199454,95.0,2.617120166404033,0.05,0.017133712768554688,0.4102153778076172,0.024317902,0.017747512,-23.727665880488207,-0.831300479697246,-0.4348191949116464,95.0,10000,1.7860379219055176,0.091882183842858,0.0855072487604033,-39.798344529244204,0.0
126,40.922008991241455,-22.119462651698925,8.54303827118762,-13.558667212182563,-83.25672094529384,96.0,3.19669701550331,0.05,0.014291763305664062,0.4239983558654785,0.024987623,0.013882578,-23.56684555760928,-0.8366547444232181,-0.44516735714321937,96.0,10000,1.9364652633666992,0.18267412300785862,0.17998385204730785,-40.86496987318175,0.0
127,39.94677209854126,-21.209787015056914,7.242331641464858,-13.073809324148996,-80.57168954939907,96.5,2.6737634242771033,0.05,0.016485214233398438,0.41438770294189453,0.024897024,0.01658086,-23.331139703354044,-0.8245476270378524,-0.4268861780063587,96.5,10000,1.8507020473480225,0.13420366518033894,0.1292501813712125,-39.96786126324326,0.0
128,40.28102469444275,-21.926011138574214,8.110523987613114,-13.306986471755884,-84.45286119762821,93.5,3.0880221858704804,0.05,0.012859582901000977,0.4203460216522217,0.025575962,0.015253245,-23.19062684687606,-0.8338809457089854,-0.4412570318565768,93.5,10000,1.627809762954712,0.15540919123273886,0.1551426477559205,-40.25000406718657,0.0
129,40.987096548080444,-22.577585488825108,11.107592307652789,-12.367949424398198,-95.46498203432061,94.0,2.56217010000991,0.05,0.013307332992553711,0.4301278591156006,0.024702445,0.019527007,-23.129322711070966,-0.8428413369136283,-0.4543452148173438,94.0,10000,1.5951435565948486,0.25393738655744613,0.24979776986965682,-40.303921645305415,0.0
130,40.83873009681702,-22.329956122475345,8.947628228787273,-13.949095146435528,-97.96665687662302,96.5,2.5344064104522124,0.05,0.015492916107177734,0.4313700199127197,0.025418868,0.018930485,-23.049386052211403,-0.8407614333190929,-0.44931845822043526,96.5,10000,1.6877760887145996,0.20003422308880855,0.18559492424989196,-40.64760206919105,0.0
131,41.472471952438354,-22.95874174252482,8.551341182799558,-13.045854788073033,-77.26802947708377,92.5,2.425594721173656,0.05,0.015013456344604492,0.4767751693725586,0.025407854,0.020068984,-23.040321621242747,-0.8485845083839636,-0.4614930889972441,92.5,10000,1.9715988636016846,0.17110967296770216,0.1657970360986145,-17.499594899880613,100.0
132,40.27626180648804,-22.46410636665913,9.406736520517997,-13.408111835196813,-82.21865675724234,94.0,3.0540964621644133,0.05,0.0158841609954834,0.4571385383605957,0.025030885,0.0147483805,-22.982700095784388,-0.842233223052834,-0.45189567374718903,94.0,10000,1.9719369411468506,0.20197649552495905,0.20095457765526614,-38.75352953103124,0.0
133,41.51657772064209,-21.721874327760258,9.984132211174565,-12.721829329155415,-82.38532814473272,95.0,2.5720334581257576,0.05,0.014406204223632812,0.4521026611328125,0.025388082,0.016841855,-22.856617518981977,-0.8313500129830362,-0.43726947470310135,95.0,10000,1.646589756011963,0.2117007387060055,0.2039596670441971,-39.64371422258676,0.0
134,41.170063972473145,-20.833664730417397,5.13606930465637,-12.973672619138908,-47.02501182086418,97.5,3.2344239540080437,0.05,0.03278160095214844,0.47562670707702637,0.024974726,0.014743077,-22.65432224012552,-0.8227253450878672,-0.41943132195233757,97.5,10000,1.858983039855957,0.08221225623677542,0.07111592165906737,-38.70385879184782,0.0
135,40.21759796142578,-21.72974516863768,9.101928312520787,-12.671803635116733,-80.95971827197764,95.5,2.7564722299837308,0.05,0.011310338973999023,0.37094831466674805,0.024517275,0.015459867,-22.561864532976735,-0.830114623461424,-0.437294175406512,95.5,10000,2.141657829284668,0.1942273845556254,0.18512780467125006,-40.920765594529186,0.0
136,41.12679123878479,-21.63224036525782,10.731447005279577,-11.018547352900283,-114.91834311180968,95.0,2.6342122054609804,0.05,0.012562751770019531,0.4162318706512451,0.025419232,0.016079443,-22.468902116204845,-0.8342336433407195,-0.4353269581258224,95.0,10000,1.9153597354888916,0.2565294305993498,0.2496637519797884,-39.70228375811307,0.0
137,40.90685987472534,-19.51716449309231,6.503074390566766,-11.469032135419747,-59.208867213137616,98.5,2.8466069732439725,0.05,0.024779558181762695,0.4281637668609619,0.025099354,0.016918832,-22.17372835389359,-0.8056064196711055,-0.3929128059778161,98.5,10000,1.6611723899841309,0.10678221543757305,0.10152338129257527,-39.460376607644434,0.0
138,41.08073139190674,-20.23946011761123,9.658590565334736,-11.081790232622831,-80.59427163367286,94.5,3.5314503174074803,0.05,0.01524496078491211,0.42983007431030273,0.024440635,0.012847849,-21.980301530265354,-0.8131474461281593,-0.4073727908888305,94.5,10000,1.5046324729919434,0.21310942552383905,0.20400292719035668,-40.03795647258937,0.0
139,40.962241411209106,-20.023818126858004,9.266108375879817,-11.422830266502688,-89.86171224663984,96.0,2.7637634103849003,0.05,0.011097431182861328,0.4104018211364746,0.024749085,0.016843267,-21.78465318992462,-0.8124448048574626,-0.4029139750605391,96.0,10000,1.275933027267456,0.1904345279369222,0.19542639284819574,-38.53480181845363,0.0
140,40.60251498222351,-21.01414391541586,10.710253900613433,-10.803750099800487,-111.1528923156162,93.5,2.7490182469936384,0.05,0.014946937561035156,0.4297013282775879,0.024779689,0.018208858,-21.707602262473742,-0.826732847858213,-0.4230853461047747,93.5,10000,1.7106692790985107,0.2596009025391946,0.24625293792336148,-29.56315426309222,0.0
141,40.633155822753906,-19.687142133624594,8.271633225688118,-11.10289691691668,-83.34104939773913,97.0,3.1331693824312907,0.05,0.01226043701171875,0.4057137966156006,0.02495456,0.015679913,-21.505556249588828,-0.8085969371951173,-0.3965731670845042,97.0,10000,1.674168348312378,0.17543360522245494,0.15088630615006327,-32.125873975685984,0.0
142,41.513184547424316,-21.36505902444123,11.8923792058338,-11.407165186957405,-83.3095194889372,91.0,2.6819531517523387,0.05,0.01665639877319336,0.4378077983856201,0.025110241,0.01837283,-21.49150652707407,-0.8288328260675272,-0.4299325165170154,91.0,10000,1.6720895767211914,0.29083691392024746,0.27384173783925725,-32.68759233556749,0.0
143,40.40916109085083,-19.501684918046486,5.9086117235857465,-11.067732283744471,-44.287092715703736,97.5,3.0362015140610428,0.05,0.012007474899291992,0.42347073554992676,0.024431536,0.016353244,-21.292524366171314,-0.8057662042322877,-0.3927688814713395,97.5,10000,1.842249870300293,0.10034545363190826,0.08850544678938158,-33.87773056338667,0.0
144,40.66182231903076,-21.321108519423287,11.610985706093972,-11.594093231890119,-86.44212149640968,92.0,2.497379048042587,0.05,0.01272130012512207,0.4363093376159668,0.025622211,0.019745195,-21.295382781496514,-0.8303025714131845,-0.4291791411553493,92.0,10000,2.3955602645874023,0.263625743546147,0.25692136218346034,-31.27031287990416,0.0
145,40.39440989494324,-20.611858479183883,11.370914459459643,-11.414382378815821,-83.66697498946029,93.0,3.6399280297742407,0.05,0.01324462890625,0.408764123916626,0.025113128,0.014432829,-21.227030351265253,-0.816858280879414,-0.41506041004269845,93.0,10000,1.6833350658416748,0.25757617628271157,0.25925510409706926,-40.09416957079439,0.0
146,40.92981290817261,-19.147090426990008,6.49177778803175,-10.588710042249918,-56.918924662436744,98.5,2.7634827942179054,0.05,0.014536142349243164,0.4423513412475586,0.025125884,0.017176975,-21.01903635883773,-0.8021424095977943,-0.3857175202467903,98.5,10000,1.9294958114624023,0.1026715983626356,0.09928328191309053,-32.98591653142016,0.0
147,40.60243058204651,-20.937954428811643,9.813068430497214,-10.76644760713265,-78.26242915962146,92.0,3.0768106313421235,0.05,0.012987852096557617,0.4048898220062256,0.024973115,0.015555574,-21.01092816583512,-0.8257862068535724,-0.421543766781969,92.0,10000,1.9369556903839111,0.21567613946130376,0.2062412165015062,-40.70607381327641,0.0
148,40.27231812477112,-19.11610448850867,6.799739392193332,-10.770235643259499,-55.26205763264458,96.0,3.252478803655328,0.05,0.014030218124389648,0.40140604972839355,0.024834568,0.015976574,-20.821445798102474,-0.798503030714474,-0.38510046004115067,96.0,10000,1.8833136558532715,0.11969725367182796,0.1119392792697829,-29.750697263764714,0.0
149,40.565725326538086,-20.24671573884231,12.47200319018748,-10.486318817179653,-82.00154547690266,93.5,3.2035483737655737,0.05,0.01651597023010254,0.4239349365234375,0.024738567,0.014930306,-20.763972792176457,-0.8127399472256656,-0.4076082369035445,93.5,10000,2.215055465698242,0.28799825860848133,0.27549826148282364,-37.90905202690011,0.0
150,40.33694291114807,-17.9624653990057,5.752888404258219,-10.96719371691982,-54.938550656009795,96.5,3.212171756690449,0.05,0.013759374618530273,0.399151086807251,0.024463134,0.014251984,-20.48382205285938,-0.786947166610322,-0.36201734794712137,96.5,10000,2.0033488273620605,0.10130090864488801,0.08300967489605612,-24.333764556344274,100.0
151,40.81006360054016,-18.914184662067452,8.687309444150232,-10.657054303440736,-81.51015864383656,96.0,2.588714509280503,0.05,0.01612114906311035,0.4383964538574219,0.024919888,0.018156417,-20.32685831378019,-0.8003126540641244,-0.38104225478031545,96.0,10000,2.094374895095825,0.16332018545319718,0.15844940222158765,-20.206823827948206,100.0
152,40.5552544593811,-18.98602231669348,8.138001960615155,-11.020309330657998,-75.56334534583961,97.0,2.777374647655038,0.05,0.013333559036254883,0.4194450378417969,0.023815809,0.015181171,-20.19277471407152,-0.7999827246616178,-0.38235175493452334,97.0,10000,1.7056522369384766,0.14794140438730266,0.1452470001793443,-36.050159798710744,0.0
153,40.50733518600464,-18.819857647395875,9.176378868083054,-10.991227091524761,-82.79490781209924,94.5,2.785858780496495,0.05,0.014742612838745117,0.43826913833618164,0.023813147,0.015958657,-20.055483007403957,-0.7983711806658519,-0.3792010775540906,94.5,10000,2.113473415374756,0.17985081831133315,0.1902344784737093,-26.9849704959178,0.0
154,41.13954424858093,-19.50419301654662,9.585982565816135,-10.808042319746685,-78.37741724058813,95.0,2.614506653136616,0.05,0.013072729110717773,0.40589308738708496,0.025409283,0.018305857,-20.000354008318226,-0.8038434813967524,-0.39281020547302625,95.0,10000,2.0881519317626953,0.2077264663893506,0.19755521828500475,-27.877210985598246,0.0
155,41.01312255859375,-19.3684514180157,8.976411778962598,-10.335928648350276,-79.66585547661593,94.5,3.1612575647161267,0.05,0.015362739562988281,0.42725181579589844,0.02436674,0.01569001,-19.937163749287972,-0.8035974926462123,-0.39020185744202784,94.5,10000,1.856372594833374,0.18115967838142574,0.17672140406598882,-28.100010018155796,0.0
156,40.81400728225708,-19.77438197155148,10.6603845103547,-10.491883936923683,-82.9155324637618,94.5,3.2121695959927496,0.05,0.01623702049255371,0.43238306045532227,0.024336139,0.01384368,-19.920885571514322,-0.8073897432971368,-0.3983000409566705,94.5,10000,1.8391139507293701,0.2255458244204021,0.2195430277156994,-18.550993548096365,100.0
157,40.63407826423645,-18.80193902943452,7.704229923541807,-10.994576529856586,-79.03129721730957,97.0,2.85907461742108,0.05,0.014994621276855469,0.47493863105773926,0.023976726,0.017013399,-19.808990917306343,-0.7960664025952982,-0.3788377310840406,97.0,10000,1.8312230110168457,0.15422265699547325,0.1472253679526978,-26.32490152299864,100.0
158,41.48014235496521,-19.364198730072186,9.647379214388623,-10.71780017769196,-85.88137825618698,94.0,3.031326360665823,0.05,0.012723445892333984,0.41748714447021484,0.025950082,0.01484025,-19.764511698582925,-0.8051927471988747,-0.3897936117356893,94.0,10000,1.808487892150879,0.20985945672337805,0.199691147602607,-21.164621224976397,100.0
159,40.39035940170288,-19.7124876755029,12.410503317344743,-10.841869363802157,-98.34941641987834,93.5,3.2005998390274777,0.05,0.014898061752319336,0.4096817970275879,0.023885636,0.013595098,-19.75930929627492,-0.8094496130088501,-0.3969146452714849,93.5,10000,2.0755577087402344,0.2876936354376459,0.2817906928242531,-28.472367946620057,0.0
160,41.08312249183655,-20.446448759334352,12.437099865807859,-9.710262735859516,-109.90435351854441,93.0,3.1517688870159812,0.05,0.013382434844970703,0.4106018543243408,0.02444704,0.01645658,-19.828023242580866,-0.8213843013296898,-0.41176728082368624,93.0,10000,1.9465394020080566,0.2954973377418338,0.28665532553412243,-29.69462089500839,0.0
161,40.80903077125549,-18.188174419446547,9.433838451519513,-10.45983819847041,-79.71378516235141,95.5,2.836823539588559,0.05,0.014986991882324219,0.42424893379211426,0.024698861,0.016246682,-19.664038360267437,-0.7879050554400322,-0.36650554992114254,95.5,10000,1.788588285446167,0.19161297569943192,0.18412445892673998,-32.88185738090315,0.0
162,40.62023591995239,-18.834665366355797,9.862976285527058,-10.583486424778684,-84.54009671929185,96.0,2.3783483936611463,0.05,0.016976118087768555,0.4438967704772949,0.024708385,0.021368098,-19.581101060876275,-0.7982814514896248,-0.37932100262164425,96.0,10000,1.7913362979888916,0.1937218625775613,0.18933557052668265,-24.970682991371298,100.0
163,40.49755358695984,-17.900060201729783,5.872054347251759,-10.653782106917532,-51.71365700741614,98.0,2.8678836639646836,0.05,0.015005111694335938,0.40844130516052246,0.024712536,0.016435904,-19.412996974961626,-0.787438728741154,-0.36083850676003204,98.0,10000,1.7501130104064941,0.08900145784113478,0.08034495499259983,-21.324805674896016,100.0
164,41.071041107177734,-19.289885026103104,10.454321889250238,-10.703029137349285,-84.3069862435126,95.0,2.7961137078228155,0.05,0.012155532836914062,0.4452817440032959,0.024883106,0.015032714,-19.400685780075772,-0.8042838610003733,-0.3886485982100375,95.0,10000,1.8945093154907227,0.2311874230847581,0.22385821670811804,-18.894814004901097,100.0
165,41.128172874450684,-18.00981832468024,6.4622280306052735,-10.334224441048352,-53.98442005313522,98.0,3.004876769818269,0.05,0.018102407455444336,0.4384009838104248,0.025151368,0.017648472,-19.26159903453622,-0.7873587090466099,-0.3629271328362124,98.0,10000,1.6219282150268555,0.11137664670596997,0.09665213275729806,-37.48652142025655,0.0
166,40.93969702720642,-19.061864239203175,10.675194257939095,-10.254780557116673,-82.91648268219804,95.5,2.8696890258299583,0.05,0.01321268081665039,0.4111368656158447,0.024135556,0.0159734,-19.241625555002916,-0.8012515849575251,-0.38398944578511623,95.5,10000,1.940136432647705,0.22894763887570369,0.22286412824835916,-19.462732434506155,100.0
167,40.157634258270264,-18.483088634815026,10.153562745901556,-10.97663093639018,-116.53407775776988,97.0,2.8405904088512797,0.05,0.016160249710083008,0.4745032787322998,0.024645982,0.015993671,-19.165771862984126,-0.7940993116536873,-0.3724855892048613,97.0,10000,1.7562470436096191,0.2057593736622674,0.20328787657350644,-19.5573394756274,100.0
168,40.35319113731384,-18.156161055210603,8.12673137840163,-10.68793259615387,-77.38600926830058,97.0,3.171423322202491,0.05,0.04160118103027344,0.4098999500274658,0.025706854,0.01684687,-19.064810782206774,-0.7893280617770122,-0.36595388037342963,97.0,10000,1.8688390254974365,0.14361545388377192,0.13938744038311063,-20.884783349526195,100.0
169,41.07162141799927,-18.11575486733356,7.879063181720663,-10.098980481050754,-79.1273772027688,97.0,2.7113035757417383,0.05,0.014549970626831055,0.40535593032836914,0.02517464,0.01703018,-18.969905190719455,-0.7888605986869507,-0.3651008585435385,97.0,10000,1.970782995223999,0.1316318149941972,0.13062978801134725,-24.201551282139167,100.0
170,40.42157864570618,-18.917803460358716,10.143330666097773,-10.60074146200146,-98.85057130967435,94.0,3.025955563005867,0.05,0.013381481170654297,0.45270705223083496,0.024747653,0.014735905,-18.964695017683383,-0.799143555009639,-0.3812000695019478,94.0,10000,1.9398353099822998,0.20975102649558522,0.2089238155723148,-27.828844206605833,100.0
171,40.71776819229126,-17.81191553147532,6.972260369861441,-10.878756332899838,-57.76315632093592,96.5,3.28435581246952,0.05,0.014798402786254883,0.43071722984313965,0.024588346,0.01450729,-18.84941706906258,-0.7847085688871401,-0.3587451846357271,96.5,10000,1.9198811054229736,0.11322825791944272,0.11115327662220201,-24.91867543485649,100.0
172,40.38670611381531,-18.785001336122853,8.04708989285642,-10.733533027783796,-79.31903569617474,94.5,2.912993764337786,0.05,0.01910400390625,0.43569064140319824,0.024545327,0.015102422,-18.842975495768606,-0.7963051100062378,-0.37848239621761537,94.5,10000,1.848102331161499,0.1460743118535109,0.14360211912437815,-31.71553837907927,0.0
173,40.68143653869629,-18.190627389301916,9.395082466266365,-10.769142364402235,-84.93370081602481,94.5,3.2458371436715843,0.05,0.01313328742980957,0.4298839569091797,0.024099316,0.014033388,-18.777740685121938,-0.7900422414073895,-0.36653327998287905,94.5,10000,1.924250602722168,0.1738649380617532,0.17100413367708894,-23.34704488416147,100.0
174,41.03026723861694,-18.097826197600206,6.3998069942035105,-9.700124642512325,-51.262501823143666,96.0,3.47189130379448,0.05,0.012196540832519531,0.4432070255279541,0.025133511,0.014166271,-18.709749236369767,-0.7888473213199971,-0.3646654382410606,96.0,10000,2.0531504154205322,0.10517464601262473,0.09906910857311532,-27.863955086291963,100.0
175,40.34702205657959,-19.11725227947948,9.537863729419742,-10.16634323540427,-93.39166089993441,94.5,2.9329635305824886,0.05,0.014760017395019531,0.4091196060180664,0.024843631,0.015359389,-18.75049954068074,-0.8017459532844486,-0.385190672772003,94.5,10000,2.026124954223633,0.2023207888273179,0.19432054960811454,-28.646182083742577,0.0
176,40.16934156417847,-18.023554039049312,9.661506642337583,-10.675622700201092,-88.76585081182222,97.0,2.6288147269257127,0.05,0.012713909149169922,0.40833377838134766,0.024886917,0.016303275,-18.677804990517593,-0.7861227563249886,-0.3632241676140719,97.0,10000,2.0162739753723145,0.18798759554990352,0.17866725266618103,-20.203498652744905,100.0
177,41.5124249458313,-18.224057734392346,9.778434912007691,-10.630616471054305,-83.29966532869454,96.0,2.748494359927017,0.05,0.012327432632446289,0.44534945487976074,0.024870723,0.017599255,-18.63243026490507,-0.7890938546083888,-0.3672995877744263,96.0,10000,2.045055627822876,0.19024413624894024,0.19198066113365594,-12.178873949115808,100.0
178,40.26462125778198,-17.20607280923822,6.409108542605593,-10.530431146745034,-58.77688908614747,97.0,3.063781195834706,0.05,0.012921571731567383,0.4279603958129883,0.02533189,0.014808378,-18.489794519338385,-0.7772754697949174,-0.34697860926116225,97.0,10000,1.9517719745635986,0.10461350959523352,0.09439034207770926,-26.744418388937504,100.0
179,40.770177364349365,-19.13150826383131,13.123206614108414,-10.906371857440933,-105.82189741227772,94.5,1.9249431330713813,0.05,0.010878324508666992,0.4113032817840576,0.025495317,0.022538409,-18.553965893787677,-0.8023657237580744,-0.385393611707551,94.5,10000,1.8980896472930908,0.3175924488236059,0.2974131605967186,-21.222449459277865,100.0
180,40.29692363739014,-17.80268430539083,7.836163691270104,-9.38565093585893,-79.37349119880257,96.5,3.0813910677205585,0.05,0.01566314697265625,0.4022181034088135,0.024483167,0.015228525,-18.478837734947994,-0.7846762388039212,-0.35868932950378146,96.5,10000,2.0276410579681396,0.14062534264876972,0.1360655299492303,-20.027039807878104,100.0
181,40.60138821601868,-17.808729853848998,8.667863935234225,-10.038875815701298,-83.32546945531523,96.0,3.6292480385692607,0.05,0.01418161392211914,0.4310884475708008,0.024200715,0.012613101,-18.411826946838094,-0.7842845657739455,-0.35899798007352074,96.0,10000,1.8484947681427002,0.1600658874918392,0.15862599144188072,-28.924472777662025,100.0
182,40.5873064994812,-17.830730050407368,9.146918146105127,-9.801714405349083,-84.73128328186172,94.5,2.384040144760822,0.05,0.012887001037597656,0.4225003719329834,0.025295,0.017969912,-18.353717257195022,-0.786275134478256,-0.35936375012793786,94.5,10000,1.929382085800171,0.16878219931662886,0.1735776371472932,-24.128373991759535,100.0
183,40.5551483631134,-18.78181844666825,9.971156091689393,-10.410562965903715,-88.90480386335717,94.5,3.549760238315314,0.05,0.015730857849121094,0.4394404888153076,0.02550599,0.013202971,-18.396527376142345,-0.7970996025234239,-0.37834633426710007,94.5,10000,1.8047339916229248,0.21408206319969206,0.19898163741576183,-30.747857046173003,0.0
184,40.817469358444214,-17.26864716008518,8.664059062488798,-10.000918697738541,-87.7323688254955,98.0,3.2465353148046177,0.05,0.01602482795715332,0.4207484722137451,0.025716385,0.01490275,-18.28373935453663,-0.7774596433136489,-0.3480776162473373,98.0,10000,1.8290584087371826,0.15171521463728535,0.14417263184473256,-29.707436956272552,100.0
185,40.58131194114685,-16.334411144747047,4.682003435663906,-10.225397309457618,-37.05388039548035,98.0,3.2455997438944575,0.05,0.016859054565429688,0.4757976531982422,0.023753958,0.014872668,-18.088806533557673,-0.7667866308932985,-0.3294981262130625,98.0,10000,1.9393970966339111,0.051760412089253145,0.05027509549188148,-30.369792493668022,100.0
186,40.88683247566223,-18.720162218351593,9.863725936844354,-10.5626645964165,-81.90012007187038,95.5,2.7554093955801426,0.05,0.01280665397644043,0.42176175117492676,0.024043383,0.017986536,-18.151942102037065,-0.7958775174773186,-0.3769781361775641,95.5,10000,1.8017139434814453,0.2157971869900261,0.19728224555230578,-31.777970221442946,0.0
187,40.96271204948425,-19.645361792312602,14.70745986769812,-9.997125977788848,-111.07385648162379,93.0,2.7774692286887332,0.05,0.014155387878417969,0.3997178077697754,0.024729524,0.01579855,-18.301284071064618,-0.8078452936668856,-0.3955110403662864,93.0,10000,1.8290126323699951,0.3405540092046385,0.3291600463980366,-31.67093261680511,0.0
188,40.48466992378235,-16.73983363307899,7.879476732386371,-10.456319530606072,-75.86912257468764,97.5,3.239432911150729,0.05,0.013774394989013672,0.3901336193084717,0.024872763,0.014421438,-18.145139027266055,-0.7717513956400714,-0.3375742933015411,97.5,10000,1.8229975700378418,0.16187400963490234,0.13267333890201666,-27.32444577214751,0.0
189,40.63748836517334,-18.14732531290419,10.507265087564646,-10.234432170368887,-80.92121307674954,95.0,3.0851544116523764,0.05,0.011188745498657227,0.4425644874572754,0.023614971,0.014814196,-18.14535765582987,-0.7865562262469307,-0.3658018780325638,95.0,10000,1.748213768005371,0.2162162368249006,0.2106771545549457,-30.748179151418377,0.0
190,41.1115345954895,-18.0630417191108,10.699972766165983,-9.658323076910115,-87.94093744784901,95.5,2.7355776372546585,0.05,0.011162757873535156,0.4076571464538574,0.025159262,0.017969435,-18.137126062157964,-0.7861844498174222,-0.36407764592037084,95.5,10000,1.909632682800293,0.22353081461104882,0.21477161349775,-28.98392928808689,100.0
191,40.75842642784119,-17.170119670329612,9.542251367861386,-9.289220656358085,-87.85125749075577,96.5,2.7165148325131723,0.05,0.012903451919555664,0.41434788703918457,0.024343066,0.01699622,-18.04042542297513,-0.7755223902247027,-0.3461765455033934,96.5,10000,1.9318888187408447,0.1753349077669575,0.16783684947115912,-29.493140799775126,100.0
192,41.4378342628479,-20.547664480935886,14.117502085294474,-9.51195973027107,-103.67091764374365,92.0,2.732108424004013,0.05,0.014222145080566406,0.44313549995422363,0.024557782,0.018162375,-18.291149328771205,-0.8175698525742784,-0.41352806622859417,92.0,10000,2.1193015575408936,0.33176835178709785,0.30972001837480756,-29.673273574905927,0.0
193,40.751997232437134,-17.990565471987132,9.0070168872879,-9.388761913568246,-79.0625486519846,96.0,2.786804555608291,0.05,0.014307737350463867,0.4434075355529785,0.024597444,0.01738028,-18.2610909430928,-0.7872058344579395,-0.3624693443880825,96.0,10000,1.8934435844421387,0.18595361605158428,0.17340054428991206,-25.600476742017683,0.0
194,40.3849732875824,-18.697361931553104,12.925828625374038,-9.651009795555751,-118.53963490154027,95.5,2.7597726567106267,0.05,0.016856670379638672,0.42292332649230957,0.024445428,0.014896029,-18.30471804193883,-0.7964338937797755,-0.3767101879967714,95.5,10000,1.79103422164917,0.26895470261856613,0.26071230827862313,-25.680719463013823,0.0
195,41.28391242027283,-17.18528581510673,8.969680232556485,-9.631370897146118,-78.38724158369442,96.5,2.643739254356598,0.05,0.01863241195678711,0.4315037727355957,0.024143144,0.016586771,-18.192774819255618,-0.7785413152738103,-0.34656372720544554,96.5,10000,1.7456896305084229,0.1830229047777546,0.16211193478431074,-25.29645941822457,100.0
196,40.77077555656433,-17.182815732683366,6.305883794785484,-9.57066517770556,-59.23611524661391,98.5,3.571059082286152,0.05,0.012476921081542969,0.4912376403808594,0.02507902,0.013366142,-18.091778910598393,-0.77657466957164,-0.3464326045237649,98.5,10000,1.895780324935913,0.10131614438415514,0.08892836730652337,-24.63431855444143,100.0
197,41.211761713027954,-18.430934095494848,12.146969367007705,-9.78310334129667,-87.67176989738303,93.0,3.3402528875714546,0.05,0.013752460479736328,0.4249694347381592,0.024885314,0.015703378,-18.12569442908804,-0.7937628574681541,-0.37134049696015786,93.0,10000,1.8166131973266602,0.2697961214524062,0.25277390543519346,-29.13487858626915,0.0
198,41.16814851760864,-17.821186819905424,9.041882018692393,-9.60423438504302,-69.51216133482279,94.0,2.643058212741695,0.05,0.01675701141357422,0.4347536563873291,0.024850992,0.018684922,-18.09524366816978,-0.7869171012571765,-0.35909136275096626,94.0,10000,2.188244104385376,0.18454744752210447,0.17722007987055433,-27.695385459171415,0.0
199,40.79669523239136,-18.809169571098796,11.675225381911707,-10.56776434409716,-85.1676237938031,93.0,3.2547437777323576,0.05,0.016178369522094727,0.4378020763397217,0.024539487,0.015225066,-18.16663625846268,-0.7981464780777521,-0.378998970140953,93.0,10000,1.7665328979492188,0.24871779497146412,0.24403352050504423,-25.711865151125163,0.0
200,40.69329237937927,-17.30011470616034,8.596658556826165,-9.894653656895745,-81.88330819022356,95.5,2.9464672536411647,0.05,0.014897584915161133,0.47730398178100586,0.024141688,0.016731659,-18.079984103232448,-0.7786237491316547,-0.34884881543053503,95.5,10000,1.8070988655090332,0.1548057983195768,0.14951499087173553,-26.912964022289525,100.0
201,41.3285186290741,-17.50816988546294,10.68653070161482,-9.624791126800469,-87.84236941676164,96.0,3.064500730127362,0.05,0.016768217086791992,0.4828507900238037,0.024354707,0.014952649,-18.0228026814555,-0.7800206040766561,-0.3529277896064088,96.0,10000,1.6513144969940186,0.20327723726150546,0.20193763313786747,-37.09364819731168,0.0
202,40.97316241264343,-18.45952207601149,13.383920590751368,-9.917260746200562,-112.05603724925949,95.0,2.810939017129004,0.05,0.014539241790771484,0.4452362060546875,0.024372414,0.017869039,-18.066474620911098,-0.7936772968494397,-0.372045490966612,95.0,10000,1.8644704818725586,0.27181283072638807,0.2682334891869821,-35.29798380556855,0.0
203,40.56321716308594,-19.255312329778214,12.23239672924577,-9.677709377928574,-86.20824342487414,90.0,3.1632621131270726,0.05,0.01253056526184082,0.4208664894104004,0.025281643,0.014708065,-18.18535839179781,-0.8019064858602148,-0.38782977461342755,90.0,10000,1.919485092163086,0.25612543524234604,0.2501727412996707,-27.83037733878235,0.0
204,41.324565410614014,-17.647197400747817,9.736170230623987,-10.582199966002579,-91.40015901291514,97.0,2.8041406238292113,0.05,0.01689004898071289,0.3886857032775879,0.024863195,0.015853658,-18.13154229269281,-0.782188544751423,-0.355449451440479,97.0,10000,1.9154706001281738,0.1969448932214294,0.18790680901671636,-20.76026774795357,100.0
205,40.3993935585022,-17.933226662121896,11.347377358840019,-9.879229458701863,-87.72400447575697,97.0,2.4980198882090963,0.05,0.012867927551269531,0.40571141242980957,0.025463419,0.017472867,-18.11171072963572,-0.7857894288839665,-0.3615008716551204,97.0,10000,1.9769947528839111,0.22682823673135122,0.21940975760788767,-35.80027388020362,0.0
206,40.67941379547119,-18.09331175314454,10.584055489878974,-9.757243493738322,-89.13660260434968,95.5,2.6933983590344512,0.05,0.012703418731689453,0.4360048770904541,0.025091376,0.018227,-18.109870831986605,-0.7881670725229226,-0.36468800466011586,95.5,10000,1.7499535083770752,0.20411850751146238,0.20422699063969516,-29.079949437212736,0.0
207,40.700275897979736,-16.756215404281946,9.402745410387631,-9.671680251431809,-98.3977356046316,95.5,2.7829815530686655,0.05,0.013095617294311523,0.46938443183898926,0.025517724,0.015522145,-17.97450528921614,-0.7720877976113559,-0.33763581550577165,95.5,10000,1.8504602909088135,0.19867472397888225,0.18054136182283892,-23.19389913877597,100.0
208,40.39568567276001,-17.68736889453357,11.745805931906395,-9.644955584952767,-86.6835144951286,94.5,3.2301855956858736,0.05,0.012755155563354492,0.460582971572876,0.025618937,0.015257706,-17.945791649747886,-0.7813126860575689,-0.35659142988411785,94.5,10000,1.903179407119751,0.23508290844536603,0.2288939986847876,-17.273006396563993,100.0
209,40.5930962562561,-18.158032694359814,9.314991283949789,-9.709062870189523,-63.42116053149896,94.0,2.735961124258043,0.05,0.013676166534423828,0.42424798011779785,0.024610467,0.015830712,-17.96701575420908,-0.7895326178909282,-0.36564544840623225,94.0,10000,2.022298574447632,0.1817382657801034,0.1743909877311056,-21.17009949858863,100.0
210,40.979100704193115,-15.882970773307964,5.85458525501501,-9.694600948073676,-62.14741485300728,99.0,3.2814996836583132,0.05,0.014141559600830078,0.4260587692260742,0.023915978,0.013480437,-17.758611256118968,-0.7626917100330867,-0.32049486590099635,99.0,10000,1.8531365394592285,0.08628271008230066,0.07446237855822498,-11.513957453201142,100.0
211,40.67474055290222,-16.239828522285894,5.989111926762502,-9.715448335616964,-43.533083351028075,96.5,3.520629224463298,0.05,0.01226806640625,0.38982486724853516,0.025104713,0.013607314,-17.60673298273566,-0.7640298043481115,-0.3275060887975843,96.5,10000,2.222862720489502,0.087539205160055,0.08311749221184889,-12.061486905635876,100.0
212,41.545509338378906,-16.76632233224595,7.741705272625416,-9.851058314056171,-59.519142454206836,96.0,2.786405437707335,0.05,0.016505002975463867,0.4586646556854248,0.025627987,0.016369674,-17.52269191768669,-0.7723969732685042,-0.3381734441357623,96.0,10000,1.9625840187072754,0.12359718318295004,0.12202678016240655,-11.51998378654304,100.0
213,41.12061953544617,-16.35701535661312,5.441993791917016,-9.933196900994389,-47.03778572646744,97.5,2.5159538739780816,0.05,0.012983083724975586,0.4061710834503174,0.025082195,0.017966278,-17.406124261579333,-0.7676800663589042,-0.3299674752499541,97.5,10000,2.0007476806640625,0.06812983488937069,0.0664893798851543,-19.466297084642612,100.0
214,40.94172739982605,-17.360725048227902,9.154309854640287,-9.46028893864089,-86.94148212799527,94.5,3.164638773804767,0.05,0.01249837875366211,0.4239990711212158,0.025721515,0.013706684,-17.40158434024419,-0.7811135234449553,-0.35000333799338923,94.5,10000,1.9516758918762207,0.16947073800054308,0.16099387586577027,-27.293685428334875,0.0
215,41.12245154380798,-16.310035130691983,7.65463334648117,-9.691324037252253,-83.53322223332745,98.5,2.8468781197794626,0.05,0.014386892318725586,0.4125797748565674,0.024180416,0.015095125,-17.292429419288972,-0.7663022317530106,-0.32876368053067123,98.5,10000,1.9671103954315186,0.11726308084278013,0.11443643084053684,-15.924947421728296,100.0
216,40.8423228263855,-16.64452479450592,8.267949508759363,-9.87872138099702,-78.64467403918397,96.5,2.4250809248277503,0.05,0.014853477478027344,0.43129730224609375,0.024707971,0.018919466,-17.227638956810665,-0.7715327084300916,-0.3356631660250004,96.5,10000,1.8885972499847412,0.17080135327271037,0.13876384917004705,-18.19827584176063,100.0
217,41.291340827941895,-16.434530658649702,6.111337214253419,-9.357667443985992,-60.62437690424363,98.0,2.562950875568127,0.05,0.014269351959228516,0.44588160514831543,0.02410637,0.015884759,-17.14832812699457,-0.76867502377807,-0.3315505563375528,98.0,10000,1.9730021953582764,0.08730155443486201,0.08457555930637489,-16.70126583954473,100.0
218,40.859615325927734,-17.14085687658796,9.70394520028138,-9.509140888764719,-85.21917739661922,96.5,3.74479298695576,0.05,0.012960672378540039,0.4309835433959961,0.025222301,0.013033858,-17.14758100195391,-0.7764351749185116,-0.34517678807033436,96.5,10000,2.1392147541046143,0.1809277164940816,0.1736311734335699,-18.87442485526258,100.0
219,41.004326820373535,-16.15665923595106,6.935253507667563,-9.43998851180306,-83.56193347495986,99.0,2.4279163843235785,0.05,0.015262365341186523,0.40567517280578613,0.025176141,0.018658776,-17.048488825353623,-0.7651437933578709,-0.32595031294919397,99.0,10000,1.984677791595459,0.09890238199508668,0.09577359172200461,-18.228757724018585,100.0
220,41.43571662902832,-17.133076850248628,7.261613621570969,-9.683249082075342,-73.53728006415574,97.0,3.4692886802766045,0.05,0.014941930770874023,0.4725179672241211,0.024116771,0.013607,-17.056947627843122,-0.7753263680934032,-0.3454609880866107,97.0,10000,2.2264888286590576,0.11696445134192028,0.11415932425673828,-23.68195453843361,100.0
221,40.73991775512695,-15.8316073417594,5.814771472580058,-9.292809950034178,-57.480144767508534,98.5,2.774587354710809,0.05,0.014522314071655273,0.4163837432861328,0.024340777,0.01796779,-16.93441359923475,-0.7613256067943618,-0.3194201440221029,98.5,10000,1.9194262027740479,0.07515915770531847,0.07278330569235751,-14.991505384283517,100.0
222,40.544150829315186,-16.401108185177172,9.056797815807089,-9.4733296165512,-93.9121111293754,96.0,3.0798798953646305,0.05,0.012242794036865234,0.445789098739624,0.024764903,0.013648257,-16.881083057828995,-0.7688004281606677,-0.3308456246135963,96.0,10000,2.116670846939087,0.16960808743659397,0.15995548982664212,-19.468131864673584,100.0
223,41.283817768096924,-16.022218607767044,9.126103573676628,-9.077741718775359,-88.15421785247233,97.0,3.0513170599203048,0.05,0.014965534210205078,0.40311288833618164,0.024799243,0.01326636,-16.7951966128228,-0.7610473562913164,-0.32327106527695443,97.0,10000,2.0228829383850098,0.15456044752081774,0.15405849969381152,-16.29511278099596,100.0
224,41.35154938697815,-15.454878986264442,7.37315654287822,-9.79895405521108,-82.97983995448543,97.5,3.111479693069209,0.05,0.012827873229980469,0.3952927589416504,0.024668613,0.015723748,-16.661164850166966,-0.7558297731801968,-0.31196484518188733,97.5,10000,1.9122297763824463,0.11292852094458353,0.10804802356786392,-14.520593475048576,100.0
225,41.64900755882263,-15.170391096454212,7.102512872721436,-9.07933631285855,-80.53721707830955,98.5,2.862522031198061,0.05,0.013661384582519531,0.4377121925354004,0.024066133,0.012888603,-16.512087474795692,-0.7540701339862733,-0.3062612813781925,98.5,10000,1.9291422367095947,0.10393622553611334,0.10177606092675766,-23.09068851709534,100.0
226,40.56642270088196,-16.279784479720302,10.180503489120603,-9.443454931993944,-87.9955084881708,96.5,2.7780338229879025,0.05,0.01395559310913086,0.4361882209777832,0.025172256,0.016015971,-16.488857175288153,-0.7660688308707411,-0.32829771726396295,96.5,10000,1.8040533065795898,0.1864418579059313,0.17911961708344123,-23.16869496236083,100.0
227,40.53027105331421,-14.817613989370274,5.802217976608785,-9.222342149760129,-52.42799134423166,98.5,2.6294320724873383,0.05,0.014775276184082031,0.43226003646850586,0.02530105,0.01889916,-16.321732856696364,-0.7483364077482516,-0.29915373018640845,98.5,10000,1.937434196472168,0.07836794751446437,0.06995837823243639,-17.329384986296084,100.0
228,40.73734259605408,-15.556488176612286,7.052794626385681,-9.227969571608515,-56.831373886466565,96.5,3.604090328798659,0.05,0.012735128402709961,0.4849216938018799,0.024377912,0.0123533085,-16.245208388687956,-0.7584152709760233,-0.3137713824764172,96.5,10000,1.847837209701538,0.10038800178634577,0.09937877165494229,-13.847425947727436,100.0
229,40.774457931518555,-15.757630068215736,5.936928813566546,-8.920684069723688,-49.1502615850493,98.5,2.6368466449083945,0.05,0.01423025131225586,0.4394385814666748,0.025414579,0.017742807,-16.196450556640734,-0.7611095127339109,-0.3179604579087526,98.5,10000,1.933967113494873,0.07995296490502803,0.07646372028271689,-15.943937151160705,100.0
230,41.22370386123657,-15.33614752278148,7.694882666937299,-9.29379281254671,-87.13037196825042,97.5,2.9775343287908713,0.05,0.01074838638305664,0.41469764709472656,0.02467457,0.0146621,-16.11042025325481,-0.7561788632475875,-0.3095250628114634,97.5,10000,1.9396474361419678,0.11617200052508037,0.11508884517678893,-17.245214844300612,100.0
231,40.622560262680054,-15.5550335676884,7.311787122638005,-8.844202904520783,-69.7437195467049,98.5,2.8478811971464855,0.05,0.0142974853515625,0.45120811462402344,0.025050348,0.015940802,-16.05488158469817,-0.7584591471391033,-0.3139255966917261,98.5,10000,2.0722169876098633,0.1104402796496412,0.10451466052889921,-17.18172435593965,100.0
232,40.74356245994568,-16.32870432301729,10.705290479487006,-9.42319775256306,-98.44797364920403,97.0,2.8373736322947196,0.05,0.014106035232543945,0.41049742698669434,0.02436752,0.016200922,-16.082263858530084,-0.7680611421515573,-0.32932400851722504,97.0,10000,1.8903639316558838,0.20692250691240363,0.2035063341596061,-21.64105958907046,100.0
233,40.99905610084534,-16.91438063447605,12.255072505937898,-9.074283826230188,-84.37786306468571,93.0,3.0882027931471807,0.05,0.012787103652954102,0.399738073348999,0.024351662,0.01405624,-16.16547553612468,-0.7746454132438083,-0.34112323615823287,93.0,10000,1.9797813892364502,0.24431359994175053,0.24157765510918713,-19.156222555497372,100.0
234,40.825522661209106,-14.704831874851543,8.691248022626176,-8.622621288406876,-88.86505227268698,97.5,2.1305301657513733,0.05,0.013864278793334961,0.40285181999206543,0.025401926,0.022170145,-16.01941116999737,-0.7465003240463488,-0.2969336909744095,97.5,10000,1.956881046295166,0.13702350440141878,0.13011821715458127,-18.783295510930465,100.0
235,41.361414670944214,-14.870870086107034,7.338324292214967,-8.563225595069742,-74.4635950013969,97.5,3.211572793052985,0.05,0.015540838241577148,0.4195442199707031,0.024630822,0.012592239,-15.904557061608337,-0.749485409319098,-0.3002674147838462,97.5,10000,1.9333312511444092,0.11653280013567344,0.11257863907436276,-20.686253036853653,100.0
236,40.706252098083496,-14.470969799042834,5.095288168190374,-9.185147328213716,-37.35032191025572,98.5,3.1968756145156285,0.05,0.014195442199707031,0.42073988914489746,0.025186688,0.01438312,-15.761198335351787,-0.743356759206039,-0.2920910823305028,98.5,10000,1.9577186107635498,0.058055993110743456,0.05586219621681927,-19.92207204098227,100.0
237,41.2379732131958,-15.482585921738924,9.684154841065169,-8.393887304459772,-90.61921142834696,94.5,2.3597996614267354,0.05,0.012230634689331055,0.4536702632904053,0.02529425,0.017370518,-15.733337093990501,-0.7569683911267462,-0.3124955938544822,94.5,10000,1.763214111328125,0.17858382396357497,0.1664425034880941,-20.50392797152,100.0
238,40.93069815635681,-15.264409486431692,9.051951852095971,-9.313984351306914,-87.90694289891535,98.0,2.8496757474274785,0.05,0.015317440032958984,0.43859100341796875,0.025067633,0.01451606,-15.686444333234622,-0.7536078304492758,-0.3079422559956917,98.0,10000,1.7606689929962158,0.1484475158243259,0.14533952940835174,-18.72546228164787,100.0
239,40.627604961395264,-14.355395577400397,5.744426377483622,-8.701655034486514,-57.04752426778671,98.0,2.659184067022976,0.05,0.01316380500793457,0.43462228775024414,0.02457977,0.019396542,-15.5533394576512,-0.7448089017091323,-0.28995905660083887,98.0,10000,1.823366403579712,0.06846376440413272,0.06529667761837964,-20.074451135543505,100.0
240,41.095924377441406,-15.205648760253148,8.897538033184683,-8.440520529650971,-87.41593997055456,97.5,2.9975538922775335,0.05,0.014264822006225586,0.4104595184326172,0.024994325,0.014246025,-15.518570387911394,-0.7540269378354365,-0.3069402564355628,97.5,10000,1.9547855854034424,0.14165621902904058,0.13958025283070588,-19.40241615549528,100.0
241,41.49160957336426,-15.018913567843702,7.523177501642835,-8.419542766043055,-87.11819842052249,98.0,2.408811590090365,0.05,0.013202428817749023,0.4513564109802246,0.024900423,0.018427685,-15.468604705904625,-0.7514930941678675,-0.30290026367360007,98.0,10000,1.895552635192871,0.10654676475975547,0.10649550509958328,-18.216619661222865,100.0
242,41.32522892951965,-15.58293605719909,6.84787915974558,-8.764633867282564,-75.69092905037773,98.5,2.7547962716268346,0.05,0.015258550643920898,0.41109251976013184,0.025172895,0.018940508,-15.480037841034072,-0.7580065592694953,-0.3144034347209379,98.5,10000,1.7560384273529053,0.09676453930918902,0.09534600342904001,-18.36595620607082,100.0
243,41.13285493850708,-14.913334286991226,6.446539884109891,-9.069355662298063,-56.236345907299906,98.5,3.4180979205815745,0.05,0.014520645141601562,0.44119858741760254,0.024861513,0.014270694,-15.423367485629788,-0.7510931679069506,-0.30111566690681507,98.5,10000,1.9670650959014893,0.0872492081363083,0.08608739472379456,-19.528144826230605,100.0
244,40.99463868141174,-14.663665879637682,5.94379602370339,-8.286559015935937,-40.10493080837194,98.0,2.7847730677603733,0.05,0.013967275619506836,0.41088104248046875,0.023335023,0.01541387,-15.347397325030578,-0.7479506878513069,-0.29597187185318014,98.0,10000,2.0570571422576904,0.07937538171749207,0.07744357314435375,-19.66750400595185,100.0
245,40.850881814956665,-15.771250152032662,9.206930022673347,-9.201218547930822,-86.63393436575427,95.5,2.8459585340210594,0.05,0.013528108596801758,0.43862128257751465,0.024897998,0.015785618,-15.389782607730787,-0.7607231861663633,-0.31813720195747325,95.5,10000,1.8884339332580566,0.16943752941194695,0.16421622769037195,-20.344919492872613,100.0
246,40.830976724624634,-14.8733445527784,6.493140431222204,-8.595219741127455,-57.791203672651726,96.5,3.2066773362146193,0.05,0.012582063674926758,0.4581294059753418,0.025210384,0.014369395,-15.338138802235548,-0.7494106656927283,-0.3002721546434464,96.5,10000,1.9704482555389404,0.10242883746321148,0.09124428441123383,-18.10379480901034,100.0
247,41.005338191986084,-15.360891334472235,7.611545614939444,-9.101979885817894,-77.49425219620892,97.0,3.156153378115271,0.05,0.013386249542236328,0.4482123851776123,0.024905438,0.0123463515,-15.340414055459217,-0.7561455145263156,-0.3100346370797159,97.0,10000,1.9745972156524658,0.12091166031644716,0.1186658089623988,-18.126678860889676,100.0
248,40.83518624305725,-14.748423333397554,5.332760385489067,-8.558683062857732,-40.906765766179504,98.0,2.9214868478190263,0.05,0.01703953742980957,0.4515509605407715,0.024729086,0.017094908,-15.28121498325305,-0.7490645346113738,-0.29774039935412594,98.0,10000,1.8520796298980713,0.05918150253858683,0.05879636027245297,-18.18444470451015,100.0
249,41.55621671676636,-14.715502434381856,7.60998531247797,-9.0082544371918,-77.96255960217545,97.0,3.3530112926342457,0.05,0.013641119003295898,0.438138484954834,0.024858091,0.012791881,-15.224643728365931,-0.7493156675072824,-0.29716949637549367,97.0,10000,1.8687381744384766,0.11839110193669004,0.11089697394010262,-17.744568953046336,100.0
250,40.580894947052,-15.03975937745233,9.21798440625271,-8.522034857550883,-84.04556377049987,97.0,3.022345853733135,0.05,0.013262033462524414,0.43029093742370605,0.02470265,0.014246305,-15.206155293274572,-0.7526967848730127,-0.3036318297830482,97.0,10000,1.8671181201934814,0.1517281223388061,0.15233269915689648,-18.01090572280038,100.0
251,40.8685884475708,-14.215569581151009,7.409387575275897,-8.327453527367302,-82.98734142851005,98.5,2.6446991794497974,0.05,0.01475071907043457,0.4159986972808838,0.02505719,0.019022856,-15.107096722062215,-0.7413554068892719,-0.2871130143010431,98.5,10000,2.0125060081481934,0.11475308570597853,0.10846463827200407,-18.12743010183033,100.0
252,41.345884799957275,-14.759024857918876,8.761842466305996,-9.077158600069676,-83.99797660366842,97.0,2.9169440827116104,0.05,0.013678550720214844,0.4133896827697754,0.025178133,0.015241611,-15.072289535647881,-0.7476113224933998,-0.29803430639120654,97.0,10000,1.9497640132904053,0.1473660358014021,0.14503691423439577,-20.08227292746485,100.0
253,41.13702917098999,-15.27915499214093,10.551765092838023,-8.59626033337847,-79.57133847150715,97.0,3.03785094650443,0.05,0.01336526870727539,0.40639495849609375,0.025323128,0.016556581,-15.092976081297186,-0.7543324809881482,-0.30812927737781776,97.0,10000,1.9066135883331299,0.1886107688650964,0.18440708906153935,-17.724984687245023,100.0
254,41.121928215026855,-15.622526449478435,10.129797071530046,-8.467575698133397,-79.1632534933509,94.0,3.3163085592227763,0.05,0.013916730880737305,0.4455130100250244,0.024828801,0.014532684,-15.14593111811531,-0.7583112774605469,-0.314789458975663,94.0,10000,2.0127673149108887,0.18456433894122037,0.1838570118408342,-18.26137514684184,100.0
255,40.88343024253845,-14.007390676269464,7.353434730454535,-8.431847457195676,-82.42550473026272,98.0,2.5565143973747353,0.05,0.014572858810424805,0.4319138526916504,0.025027875,0.015653778,-15.032077073930726,-0.7377449770224629,-0.2826952970458301,98.0,10000,2.082486152648926,0.10468200627619875,0.09521431538813803,-18.457470035571852,100.0
256,40.942649841308594,-14.605170776594186,9.257021531207382,-8.516400677762245,-84.82680922698266,96.0,3.3001953405673277,0.05,0.014087200164794922,0.3952620029449463,0.02471651,0.013021057,-14.989386444197073,-0.7453988176839479,-0.29485232466847144,96.0,10000,2.027863025665283,0.15264254778371622,0.14997976205016225,-17.764321092240255,100.0
257,40.78125715255737,-12.840002113897972,3.9889029974293226,-8.950194707895516,-31.314917750665195,99.0,2.699379315353647,0.05,0.029286623001098633,0.46100425720214844,0.024318429,0.01688399,-14.774448011167163,-0.7249312592426597,-0.2596440529756142,99.0,10000,2.0426278114318848,0.03573038337915042,0.03197868054416574,-17.780971425751154,100.0
258,40.66474771499634,-13.418518070632285,6.454446038369489,-8.779473782221407,-82.47798645262301,98.5,2.5627093732568933,0.05,0.010334253311157227,0.41533708572387695,0.024980152,0.019654643,-14.638855017113675,-0.7316845844257888,-0.2711875885722646,98.5,10000,1.9436218738555908,0.08774395423180512,0.0831095302250598,-18.118480990625923,100.0
259,41.653653144836426,-14.143277003870026,7.463058674474104,-8.479572175502348,-83.70470694499618,98.0,2.815688188906524,0.05,0.012829780578613281,0.3984382152557373,0.024506835,0.016210712,-14.589297215789312,-0.7422042430159179,-0.2857261765934203,98.0,10000,1.9838664531707764,0.10534761333582661,0.1008774874119799,-18.41545673910286,100.0
260,41.272937059402466,-15.366879258565804,9.19819764693266,-8.956279476560514,-80.25993877426721,96.5,2.681460387774615,0.05,0.01587367057800293,0.42008423805236816,0.024513518,0.018880015,-14.667055420066962,-0.7570665568323025,-0.3100050471551583,96.5,10000,2.004601001739502,0.15502140524097716,0.15000848016122084,-15.597677591500538,100.0
261,40.702736139297485,-14.940418349704837,10.72275054864287,-9.004978276283373,-86.73469967468984,96.0,2.22311375876922,0.05,0.0213320255279541,0.42433834075927734,0.024900086,0.01984204,-14.694391713030749,-0.7494338049978566,-0.30139457907646255,96.0,10000,2.0311031341552734,0.18206360545802616,0.18070734870289512,-15.457160173597234,100.0
262,41.37728142738342,-14.399777258460198,8.511090942026122,-9.000443342498398,-98.32195607134761,98.0,2.5244395956388965,0.05,0.013555288314819336,0.40565943717956543,0.025222013,0.019881723,-14.664930267573695,-0.7444826612178383,-0.29074502058282986,98.0,10000,1.7968659400939941,0.1453610123602488,0.13770463017602372,-13.973653453073515,100.0
263,41.14454793930054,-14.114037700618928,9.629300069085057,-8.363519236911397,-92.45963712816476,97.5,2.864740208394223,0.05,0.014063596725463867,0.4254188537597656,0.02473531,0.016257044,-14.609841010878219,-0.7408650721381662,-0.2851212497955844,97.5,10000,2.057384967803955,0.16335268379792198,0.16301407682612862,-14.239682875759717,100.0
264,41.2043092250824,-14.96461182287895,10.686157806876952,-8.32805138876585,-85.65635882808417,95.0,3.3423752623106404,0.05,0.01248931884765625,0.43875861167907715,0.025427023,0.012856235,-14.645318092078291,-0.75113811587457,-0.30214341836886055,95.0,10000,2.0575599670410156,0.2032600316813987,0.1949019129597422,-14.884527648876306,100.0
265,40.68587327003479,-13.951135824028302,9.091714054770872,-8.58037570447361,-96.75212852876885,98.0,2.4364283926942663,0.05,0.012747526168823242,0.41611719131469727,0.024646038,0.026709203,-14.575899865273293,-0.7390201962171372,-0.28171923956086964,98.0,10000,2.1190526485443115,0.154127896165534,0.15056786246945494,-9.779509137472697,100.0
266,40.43528890609741,-14.974486107279683,11.194213793064828,-8.482954498996458,-96.1398343287431,97.5,2.3486231534200432,0.05,0.01380777359008789,0.4486067295074463,0.024858804,0.017706787,-14.615758489473931,-0.7514406972605937,-0.30234953217971067,97.5,10000,1.8735144138336182,0.20657089575133547,0.20260172491805578,-13.939620307341608,100.0
267,40.903621435165405,-14.890367707054454,10.01436472322098,-8.414766929755611,-87.82715989468062,96.5,2.9124811132890187,0.05,0.014951229095458984,0.4276742935180664,0.024579551,0.0153808715,-14.643219411231984,-0.7509309182932543,-0.3006440826606268,96.5,10000,1.8234851360321045,0.1752371525021688,0.17084429502839815,-14.838669998286402,100.0
268,40.762577533721924,-13.578995520763907,7.096168488302769,-8.491809854178525,-80.24157166149209,98.5,3.0327080510638678,0.05,0.017164230346679688,0.40688180923461914,0.024796383,0.015597096,-14.536797022185176,-0.7333222850144603,-0.27427040513320045,98.5,10000,1.918605089187622,0.09860988923446602,0.09125349682848302,-9.508689992360086,100.0
269,41.66632676124573,-15.336890210272916,13.488812759053259,-8.257352657105784,-90.06504810665704,95.0,2.488416998244169,0.05,0.015280723571777344,0.40328168869018555,0.024835415,0.018610075,-14.61680634099395,-0.7548550910048365,-0.3092684193476544,95.0,10000,2.003087043762207,0.25739264307785564,0.23760788132812136,-9.449756249465917,100.0
270,41.33721613883972,-13.407518665336857,6.712608336537325,-8.819918355783535,-85.21169864660808,99.0,3.0427267400482902,0.05,0.013867378234863281,0.4248204231262207,0.024843441,0.013019704,-14.495877573428242,-0.7311823632316826,-0.27102079283974734,99.0,10000,2.0230042934417725,0.10845929127505649,0.08342525092525607,-10.82108226245829,100.0
271,41.560635805130005,-12.59370875778609,6.271581594791006,-8.431492630447613,-86.61940040936206,99.5,2.8135835916532828,0.05,0.01646590232849121,0.41184329986572266,0.024992492,0.015756233,-14.305660691864027,-0.7212676784100475,-0.25472937401182133,99.5,10000,1.9319212436676025,0.06751355942951306,0.06527118633243274,-15.15748178643663,100.0
272,41.32610511779785,-13.740031301605006,7.764060871936397,-8.424413862250447,-89.24124811292253,98.0,2.3895289477234662,0.05,0.014275789260864258,0.44445371627807617,0.024695102,0.019335033,-14.249097752838125,-0.7358924609644545,-0.2776123038515546,98.0,10000,2.1211864948272705,0.12078306093141586,0.11120359244634347,-10.985137647433037,100.0
273,41.075374364852905,-13.104718636128828,4.498435551630845,-8.391038619025416,-41.00285435396581,99.5,2.4633960921190505,0.05,0.01647162437438965,0.468137264251709,0.02525308,0.019150484,-14.134659841167196,-0.7278393668887437,-0.26491699529271745,99.5,10000,1.9753613471984863,0.04106608705909268,0.04251375151349021,-10.94601474017571,100.0
274,41.028438329696655,-13.685301462439895,7.854880507038787,-8.223181336508846,-88.14789283369518,97.5,2.610498667621056,0.05,0.015839099884033203,0.41985321044921875,0.024994705,0.01765205,-14.089724003294466,-0.7359159803245309,-0.27652732621715187,97.5,10000,2.2519431114196777,0.10704028999973948,0.10338207036358167,-14.31821690548116,100.0
275,40.64794993400574,-13.00855417632883,4.506408567945517,-8.138979328291718,-38.729112253183835,99.0,3.155395147172112,0.05,0.013145685195922852,0.46024465560913086,0.025264213,0.015208712,-13.981607020597902,-0.726871330515683,-0.26300802023356784,99.0,10000,1.965203046798706,0.04388187807733207,0.04225900693462572,-9.406924530344664,100.0
276,41.0140745639801,-13.232289730043062,7.432755075532026,-8.484563040565222,-85.89340086113475,99.0,2.7312672321428226,0.05,0.013998270034790039,0.441312313079834,0.024336785,0.01649489,-13.906675291542419,-0.731060382396101,-0.26750355411473803,99.0,10000,1.8007683753967285,0.10586864331487403,0.1024631290869405,-9.42851326172823,100.0
277,40.9903609752655,-13.934449177590448,10.24689908157663,-8.20522957974293,-91.30500091585799,97.5,3.009472139964958,0.05,0.014821767807006836,0.4593660831451416,0.024899326,0.01701618,-13.909452680147222,-0.7382916383947902,-0.28106682665327093,97.5,10000,1.970982551574707,0.17621795644369684,0.1733136764027897,-9.485667561097127,100.0
278,41.39971089363098,-13.726717052842751,7.659521790474643,-8.143669326593956,-98.66020829573077,97.5,2.3475482652868793,0.05,0.012696027755737305,0.44772958755493164,0.02504109,0.022819735,-13.891179117416776,-0.7369476373945243,-0.27733634988865136,97.5,10000,1.823244333267212,0.11965170775068817,0.11361653260083857,-9.499382628120255,100.0
279,40.68942403793335,-13.647825022499923,9.247737059041972,-8.415534533383733,-94.3354766015343,97.5,2.5127791090401126,0.05,0.02159857749938965,0.404782772064209,0.025068127,0.01879127,-13.866843707925092,-0.7352881659161256,-0.27581895916904975,97.5,10000,2.050093173980713,0.14765710649000718,0.14363183427186557,-9.56528798678642,100.0
280,40.99566459655762,-13.427490740713692,5.7113787624556736,-8.439052639688557,-57.015948474775335,98.5,2.7482391496734726,0.05,0.017278194427490234,0.4217190742492676,0.024933236,0.017636873,-13.822908411203953,-0.7319847875686165,-0.27123404512491106,98.5,10000,1.6427416801452637,0.06928410251679935,0.06571333097607518,-9.560060402800428,100.0
281,41.186352014541626,-13.356079286520817,5.527281482841893,-8.639436597856374,-54.17380522919032,98.5,2.3353930736393944,0.05,0.012123584747314453,0.4146087169647217,0.025090223,0.018471682,-13.776225498735638,-0.7313331521561426,-0.2699016243162168,98.5,10000,1.8755629062652588,0.06139708036700987,0.06054821078242362,-14.394993216213356,100.0
282,40.51020622253418,-15.925272956718578,14.84793661179299,-8.652406368398799,-88.87491888574922,95.0,2.5430722056585484,0.05,0.013130903244018555,0.4040951728820801,0.024374451,0.018725358,-13.991130244533931,-0.7590812807922243,-0.32123706967257076,95.0,10000,1.7894082069396973,0.30345409825569974,0.2659884078400928,-9.597797521439555,100.0
283,40.950578689575195,-14.173297303225624,9.7774455801531,-8.399268391732923,-87.53516137514464,96.5,2.7522000042926043,0.05,0.012713909149169922,0.3978700637817383,0.025060406,0.016576199,-14.009346950403101,-0.740171254737236,-0.2859259686070878,96.5,10000,1.6898391246795654,0.1631479713242084,0.15302080965155507,-9.578733081272537,100.0
284,40.47274875640869,-15.24468267503539,11.8711647149801,-8.396169841799939,-85.83954809638166,96.0,2.5929173043813667,0.05,0.014534950256347656,0.40976643562316895,0.025156897,0.019719688,-14.13288052286633,-0.7540549956056231,-0.30745655862638954,96.0,10000,1.7893309593200684,0.2082342203642799,0.20427160327578817,-10.109493185474237,100.0
285,40.853785276412964,-13.324998885301433,7.265494606232154,-8.313949385246662,-83.41040592584429,98.0,2.574238143615309,0.05,0.014562129974365234,0.44983458518981934,0.025018586,0.018308345,-14.05209235910984,-0.7304255971452843,-0.2690952125470627,98.0,10000,1.87044358253479,0.08751323148634631,0.08797258859591431,-10.115444552016685,100.0
286,40.95039963722229,-13.427529680737832,5.191826166690445,-8.451495318575306,-50.51068279234742,98.5,3.3715183486796314,0.05,0.01644444465637207,0.40830349922180176,0.024880301,0.014163148,-13.98963609127264,-0.7311376736231548,-0.2713836689179172,98.5,10000,1.7243258953094482,0.0577454611339431,0.05437520586675549,-10.113381309610574,100.0
287,40.76246428489685,-13.312235774314646,6.982536367078168,-8.48843589675464,-68.26161458972743,98.0,2.667399832308422,0.05,0.016583919525146484,0.45970821380615234,0.024661636,0.017352082,-13.92189605957684,-0.7304225102420904,-0.2691060827960513,98.0,10000,1.8207998275756836,0.08990470338443837,0.08716080623092329,-10.031729365935941,100.0
288,40.984861612319946,-14.706521608032695,9.128649012500809,-8.78393550439228,-79.62845608295012,96.0,2.431967354797941,0.05,0.012634038925170898,0.442136287689209,0.024222855,0.017957665,-14.000358614422424,-0.747473815637148,-0.29696817739192327,96.0,10000,1.9583959579467773,0.1520667575605471,0.14780790217523718,-10.25180999679876,100.0
289,41.10445261001587,-13.567384572750434,8.592232979992456,-8.365961214530369,-86.41039818387097,98.0,3.0448575918639764,0.05,0.012223005294799805,0.4248623847961426,0.024872195,0.014998077,-13.957061210255226,-0.7322528608856601,-0.27421381336225226,98.0,10000,1.9694445133209229,0.12249205253898389,0.11818790167726331,-9.677882151773868,100.0
290,40.8546998500824,-13.217956504867548,5.497911195129885,-8.39880818095558,-52.25322225383724,98.5,2.43022614620485,0.05,0.012153387069702148,0.40686464309692383,0.024730742,0.017700022,-13.88315073971646,-0.7285627876983604,-0.267209098822275,98.5,10000,1.797682762145996,0.06485575779472712,0.06407135667725737,-9.579066107783785,100.0
291,40.83805799484253,-13.615356533988024,8.224111598646042,-6.8331304250398555,-92.2051987135729,97.5,2.137255072947167,0.05,0.014491558074951172,0.41145777702331543,0.025158659,0.02099059,-13.856371319143616,-0.7345151319443264,-0.27514070593109097,97.5,10000,1.9329233169555664,0.12770244846374276,0.12481712701192678,-9.521455962690201,100.0
292,40.78958773612976,-13.106908528222675,6.245555058103651,-8.573409648373799,-81.44099501717531,99.5,2.7769140524429448,0.05,0.011298179626464844,0.44621801376342773,0.02505756,0.017970905,-13.781425040051522,-0.7269569999700346,-0.2648659157058505,99.5,10000,2.060676097869873,0.07379476158645622,0.07146122629357678,-9.496079855479923,100.0
293,41.31686234474182,-14.4204761426162,10.379789633081613,-8.346525407154157,-98.94462652401762,97.5,2.6730193439084253,0.05,0.014387130737304688,0.41329097747802734,0.024509197,0.015429594,-13.845330150307989,-0.7433722472409869,-0.2912403204604065,97.5,10000,1.7696666717529297,0.18406551340666727,0.1746929608341987,-9.464298191942364,100.0
294,41.128326177597046,-13.925464960560923,7.904677107295186,-8.433329879693735,-86.07577623601478,98.0,2.4494327405208334,0.05,0.013827085494995117,0.46335816383361816,0.024610324,0.019260207,-13.853343631333281,-0.7377568089592166,-0.28132905680597725,98.0,10000,1.9085369110107422,0.1106318918330904,0.10671743026742847,-9.37895764922915,100.0
295,40.810476779937744,-13.979372117571701,9.643904263445553,-8.40490693215682,-87.79085456019433,97.5,2.5369621009199776,0.05,0.013893604278564453,0.4255862236022949,0.025113601,0.01757602,-13.865946479957124,-0.738304320935987,-0.28236798386413586,97.5,10000,2.0001707077026367,0.15301033912906756,0.146857678707225,-9.560059525258712,100.0
296,40.8261456489563,-13.392595890500735,7.032884506439287,-8.312167445716941,-84.6258383068966,98.0,3.439457247613532,0.05,0.01248931884765625,0.4432244300842285,0.024993889,0.012005629,-13.818611421011484,-0.7316046759838284,-0.27069927249236625,98.0,10000,2.048840045928955,0.08628960890585248,0.08536837130641908,-10.77042198957833,100.0
297,40.93269109725952,-13.041653862350978,6.650989589795878,-8.236296671802394,-84.33816009337114,99.0,2.5486522288457536,0.05,0.01354360580444336,0.4001755714416504,0.024951795,0.01661802,-13.740915665145435,-0.7258892923959468,-0.263689772969425,99.0,10000,2.2009639739990234,0.08278675281607373,0.08128338524400715,-16.898966647063794,100.0
298,41.75259065628052,-15.039606956710715,10.31943434604426,-7.990831231640275,-86.0747158231822,95.0,2.8283942297047977,0.05,0.01260995864868164,0.4288647174835205,0.024882473,0.016100343,-13.870784794301963,-0.751536941154765,-0.3034522063761328,95.0,10000,1.9409573078155518,0.1923593134360908,0.17617752520794935,-15.862691279695955,100.0
299,40.843456506729126,-14.037072565513444,9.458279409037605,-8.20653369313591,-97.48543519608953,96.5,2.848777456248696,0.05,0.013530492782592773,0.41112232208251953,0.02506706,0.016892865,-13.887413571423112,-0.7404233474821901,-0.28354791964349835,96.5,10000,2.013488292694092,0.15703614580681707,0.15175448701709598,-16.684016972376774,100.0
300,40.73595070838928,-13.512002409526099,6.575977061096922,-8.529833730636316,-55.8246731088205,97.5,2.7363992519020224,0.05,0.015403985977172852,0.4133458137512207,0.025005342,0.017579816,-13.84987245523341,-0.7323447150423441,-0.2730979225486566,97.5,10000,2.063131093978882,0.08658327817153025,0.08210972477655196,-9.647475154184393,100.0
301,42.27563786506653,-14.025605228979716,9.904578672740154,-8.275543308816902,-86.38917046536825,96.5,2.6959271258290594,0.05,0.015424251556396484,0.4603097438812256,0.025373727,0.017000966,-13.86744573260804,-0.738907179258791,-0.2833466525124232,96.5,10000,2.0425376892089844,0.16716595022200384,0.16614137633788242,-9.836642655938885,100.0
302,40.99938416481018,-13.438032196589443,6.5461783947353815,-8.033804136287081,-60.88395328765549,97.5,2.688141908483036,0.05,0.012635469436645508,0.41783642768859863,0.025983905,0.01729179,-13.82450437900618,-0.7319043985830931,-0.27145752388976624,97.5,10000,1.999225378036499,0.08498112717392164,0.07991854332829107,-9.350470605139346,100.0
303,40.53656840324402,-14.165439786804807,10.006631330626295,-8.326437552175177,-87.73009161385978,96.5,2.596655564410089,0.05,0.014125347137451172,0.42302656173706055,0.024398332,0.015607212,-13.858597919786044,-0.7396416681048329,-0.28617350084124893,96.5,10000,1.8288342952728271,0.15492314502525398,0.14788588352748064,-9.44026682533131,100.0
304,41.02734088897705,-14.560399341818215,10.638078679080216,-8.348128029836259,-104.6397831921621,96.0,3.207861824796067,0.05,0.011419534683227539,0.44788646697998047,0.024803584,0.013315518,-13.928778061989263,-0.7462990456483745,-0.2940228807401407,96.0,10000,1.8979902267456055,0.20896437836125475,0.19494384914574112,-9.338976019266116,100.0
305,40.36541700363159,-13.347818587052505,7.558051006497307,-8.41677370794545,-86.91813618864589,96.5,2.7302099634896475,0.05,0.012451887130737305,0.4533834457397461,0.025017332,0.016105566,-13.870682114495587,-0.7310611431069259,-0.26952757306261577,96.5,10000,1.8327114582061768,0.11343999244880432,0.10313514054619607,-9.40028301643586,100.0
306,40.71557879447937,-14.408723819149655,10.318997543113731,-8.34927770310066,-91.3370532109117,97.5,2.754170617881927,0.05,0.015770435333251953,0.4101903438568115,0.02514419,0.016779985,-13.924486284960995,-0.7435133421559541,-0.2910153533660875,97.5,10000,1.7641053199768066,0.17096079456661814,0.1650701009548815,-9.542964742033629,100.0
307,40.58577823638916,-12.320838430542404,4.551315263903712,-8.370008857476973,-43.39341355961106,99.5,2.6740636167298906,0.05,0.012681245803833008,0.45311665534973145,0.025026917,0.017391706,-13.764121499519137,-0.716535681924107,-0.24914380987869478,99.5,10000,1.7933034896850586,0.04759373701248796,0.039022017256235705,-9.353533902373261,100.0
308,40.97624397277832,-13.629101143606485,9.285243740596933,-8.393876117322971,-89.21436921507002,97.5,2.5221211972396653,0.05,0.015545845031738281,0.42643141746520996,0.023969768,0.015069085,-13.75061946392787,-0.7330975783632856,-0.2754072904020623,97.5,10000,1.7138586044311523,0.14537957608036237,0.1402767690211589,-9.492892913717835,100.0
309,40.813029527664185,-13.898791977601126,8.28948872530237,-8.361709009797938,-100.05998485480575,98.0,2.802184740900338,0.05,0.01817774772644043,0.3879053592681885,0.024734167,0.019516796,-13.765436715295197,-0.7372025133124847,-0.2807778481736048,98.0,10000,1.9724326133728027,0.13002780910284928,0.12291565161995674,-9.40648694560595,100.0
310,41.53558325767517,-13.361726650787206,5.674413381176406,-8.640743813134245,-50.23753792657073,97.5,2.7675266034799417,0.05,0.013484716415405273,0.45911240577697754,0.025434824,0.015667824,-13.725065708844397,-0.7306430117217317,-0.2700231612653361,97.5,10000,1.9285695552825928,0.06344333593863546,0.06093233950909655,-9.363995436022465,100.0
311,41.413832902908325,-14.192358562229515,11.5198445741687,-8.279844822138312,-96.99521658790316,97.5,2.4555338315863984,0.05,0.02039480209350586,0.4474780559539795,0.025026795,0.0183063,-13.771794994182908,-0.741263743181463,-0.28669670923564383,97.5,10000,2.0390031337738037,0.21360519992289687,0.19828685597687382,-9.391406814190288,100.0
312,41.253273487091064,-13.957452369581056,9.192609128784985,-8.358221922135378,-88.37389741523303,97.0,3.489166934712109,0.05,0.013026237487792969,0.44724345207214355,0.02499146,0.013841767,-13.790360731722725,-0.7369670706679458,-0.28199496910096494,97.0,10000,1.8520469665527344,0.1345500483339984,0.1460467435308412,-9.465333114633946,100.0
313,41.50877809524536,-13.585031249137353,9.362201103000038,-8.758893955957516,-110.69911393995896,97.0,2.770625458154905,0.05,0.013208866119384766,0.42353153228759766,0.02468668,0.01786498,-13.769827783464187,-0.7349745949247836,-0.2745537909785163,97.0,10000,1.945084810256958,0.1702283584387052,0.15465326050841172,-9.387650402288232,100.0
314,41.30586838722229,-12.996551471655186,7.899850170897125,-8.626432039581854,-103.35929666675625,98.0,2.5008560327181746,0.05,0.013835430145263672,0.39972758293151855,0.026140504,0.01715319,-13.692500152283287,-0.7262871848591763,-0.2627308500151041,98.0,10000,1.9776136875152588,0.11977637175009252,0.11308422014885218,-9.41560917047843,100.0
315,41.26116752624512,-13.090843276775715,9.696137106450283,-8.188068222132936,-86.09883768665816,97.5,2.3718697532670845,0.05,0.013079643249511719,0.4376347064971924,0.023917604,0.017634511,-13.63233446473253,-0.7262079243142978,-0.26462898798667817,97.5,10000,2.0126662254333496,0.14895695003007325,0.13754873748393046,-9.555639724204054,100.0
316,41.496936559677124,-12.80874897612544,5.119260884024516,-8.58436944839192,-38.12353747551195,99.0,2.8457009564060947,0.05,0.014095306396484375,0.4147937297821045,0.024444692,0.015455581,-13.549975915871823,-0.7231629666964917,-0.2590108287427468,99.0,10000,2.126271963119507,0.05510600413540984,0.049338572596445945,-9.258439301088158,100.0
317,41.17809057235718,-13.077094085531694,5.696726558025457,-8.420849244018138,-55.919969956985355,99.5,2.546877914181177,0.05,0.01563549041748047,0.4405972957611084,0.02466474,0.01788662,-13.50268773283781,-0.7265376164189956,-0.26439677582486454,99.5,10000,2.1112639904022217,0.06362379148328727,0.062001516120553934,-9.274724380658169,100.0
318,41.21953821182251,-12.33616560357601,6.742767774371473,-7.839155851164326,-88.05107371258222,99.0,2.779995559743999,0.05,0.01565384864807129,0.43482136726379395,0.023832433,0.015634276,-13.386035519911632,-0.7171897085931954,-0.24958667109284108,99.0,10000,1.9381442070007324,0.07887648788556453,0.07630740717694152,-9.595718024277577,100.0
319,40.52791380882263,-12.933820536742386,6.822568573674614,-8.411769633833373,-78.86070433269529,99.0,3.343744321030671,0.05,0.015690088272094727,0.41462206840515137,0.024795102,0.013543595,-13.340814021594706,-0.7247637597830381,-0.2615310699418513,99.0,10000,1.8479421138763428,0.08403491806691522,0.08215614144086542,-9.669818564699984,100.0
320,41.346609592437744,-13.315137171898956,9.006286682118162,-8.258815952341875,-88.57930005374993,97.5,2.4187916538405667,0.05,0.01553654670715332,0.45717406272888184,0.024152873,0.019574683,-13.338246336625133,-0.7303888308174217,-0.2691176367943144,97.5,10000,1.9162499904632568,0.1455429997377412,0.13420847007057088,-11.339488494098692,100.0
321,40.40926003456116,-13.498900601993332,8.52962630279871,-8.286011426259256,-84.89713833997062,98.0,2.814001975285571,0.05,0.014227867126464844,0.4315369129180908,0.024817117,0.015942616,-13.354311763161954,-0.7320024341654814,-0.27283118819795416,98.0,10000,1.822317361831665,0.11967588685974614,0.1158413479330696,-9.347299872494773,100.0
322,41.313286781311035,-12.532513652417725,5.3101515816947344,-8.329674552254293,-44.15425575866947,99.0,3.1438599532818907,0.05,0.013815164566040039,0.45076513290405273,0.024658408,0.017479217,-13.27213195208753,-0.7206585260660535,-0.2535079842230651,99.0,10000,1.7420055866241455,0.05576047592454882,0.0511444375666517,-9.236248517517796,100.0
323,42.14083766937256,-13.043507599555054,8.649740250133748,-8.354882833107698,-85.16905447523061,98.0,2.393495197715136,0.05,0.014797687530517578,0.4421730041503906,0.025134051,0.017936733,-13.249269516834284,-0.7260349267430507,-0.26371788310996547,98.0,10000,1.7741572856903076,0.12923929032532727,0.11643737443883591,-9.556259977752557,100.0
324,41.20693612098694,-12.87981644119387,4.72008893727147,-8.373864873102011,-35.97319562177242,100.0,2.8739216106609873,0.05,0.013043880462646484,0.46677541732788086,0.024821986,0.016821414,-13.212324209270243,-0.724011058166297,-0.2604155026476414,100.0,10000,1.7390623092651367,0.05201596159648255,0.044494993424721956,-9.532113805549503,100.0
325,40.78919243812561,-13.175103468688075,9.002996929676003,-8.170083949497862,-121.70203477860844,98.5,2.2580108829830885,0.05,0.017294883728027344,0.43865513801574707,0.024462122,0.020695632,-13.208602135212027,-0.7298829435255948,-0.26631725899005587,98.5,10000,1.7595951557159424,0.14338427280549662,0.13538872038887564,-9.637836138238992,100.0
326,40.26894474029541,-13.020167307721756,7.559443623753101,-8.316020971663367,-89.11338560144544,97.5,3.0853551680040785,0.05,0.013337850570678711,0.44724130630493164,0.024536353,0.015850497,-13.189758652463,-0.7263723633646252,-0.2631764331338425,97.5,10000,2.0597984790802,0.09591820705999682,0.0932766531993827,-14.36922557972287,100.0
327,40.48023056983948,-13.314218629445035,6.163090001413477,-8.419856435359298,-39.05477941845824,99.0,3.14949015571732,0.05,0.012605905532836914,0.4331085681915283,0.023884363,0.014517809,-13.202204650161205,-0.7312986792141893,-0.26912104798475817,99.0,10000,1.8255488872528076,0.07189168355431443,0.06909715149522815,-9.67765703179781,100.0
328,40.14099097251892,-12.172418465173827,4.048585845459122,-8.322896260408612,-38.80189830285944,99.5,3.3073085875222885,0.05,0.014229059219360352,0.382418155670166,0.024664596,0.014236834,-13.099226031662468,-0.7169543578154969,-0.2463064230936004,99.5,10000,1.8999302387237549,0.0358278016987186,0.03282602158300436,-9.564862712245045,100.0
329,40.85693693161011,-13.098876530164295,6.267860344557913,-8.433933676468522,-49.969426534889095,98.0,2.81203389015202,0.05,0.011898994445800781,0.4348177909851074,0.024696076,0.016096158,-13.099191081512652,-0.7280124132546477,-0.2647938691117913,98.0,10000,1.7498869895935059,0.07237407587415559,0.07102163209379016,-9.213987639626051,100.0
330,40.467164278030396,-12.691363350782767,6.8696540418403105,-8.48416684372099,-92.4521982838848,99.0,2.6337539635786626,0.05,0.01453542709350586,0.39302659034729004,0.025074227,0.012203438,-13.058408308439663,-0.7223437111639173,-0.25662320611688033,99.0,10000,1.9792208671569824,0.08666829959387476,0.08238377648655727,-9.311344304398698,100.0
331,39.909358501434326,-13.081467238207374,9.556520569468184,-8.487592745653732,-121.68482159420623,98.0,2.5250187330586185,0.05,0.014138221740722656,0.41410279273986816,0.02482646,0.017400615,-13.060714201416435,-0.7280741024576233,-0.2644835941622665,98.0,10000,2.0253701210021973,0.155562595231139,0.14808877365107478,-9.248492066065866,100.0
332,41.31695747375488,-12.73737891499986,6.5149094134890655,-8.51333367460567,-69.76438383711162,97.5,3.1103492960886046,0.05,0.026683568954467773,0.4380955696105957,0.024149178,0.014997981,-13.028380672774777,-0.7225336421369498,-0.25759706910888214,97.5,10000,1.8931396007537842,0.07979196578031929,0.07771155921067098,-9.190818804632801,100.0
333,41.221128940582275,-12.656722226010679,5.9039848001517905,-8.191776583755818,-55.27482189789672,99.0,2.9816828532928863,0.05,0.012962579727172852,0.3827083110809326,0.023888625,0.014443073,-12.991214828098368,-0.7230152596613904,-0.25590589733416513,99.0,10000,1.9413342475891113,0.06784665488574114,0.06589347104688209,-12.28222856202043,100.0
334,41.27178120613098,-12.381059335048104,4.34302305260767,-8.112258903617969,-32.00732215695826,99.5,2.768597696450124,0.05,0.01573491096496582,0.4383571147918701,0.024967799,0.016424546,-12.930199278793342,-0.7188887315475304,-0.25045203960154816,99.5,10000,2.119304895401001,0.03972498070271044,0.037310968618840666,-11.823313924078318,100.0
335,40.31828427314758,-11.884257504299343,4.114243508516441,-8.273638650280816,-38.761696627474976,98.5,2.978338830538268,0.05,0.012750387191772461,0.4477088451385498,0.024947794,0.01625612,-12.825605101343942,-0.7129175359032152,-0.2405042405582563,98.5,10000,1.9439826011657715,0.03515467800328871,0.033979290906145494,-11.851563664596508,100.0
336,40.55146908760071,-13.420211997123456,10.77381800440905,-8.19822004630958,-89.8031586059182,95.5,2.57001534360541,0.05,0.02605605125427246,0.4209613800048828,0.024599282,0.01843605,-12.885065790921894,-0.7310160650003813,-0.2712433355764241,95.5,10000,1.936763048171997,0.19910716296679587,0.16505837315427777,-11.07314286889022,100.0
337,40.946908950805664,-11.654281629668587,4.0503901023161175,-7.603115766050157,-35.48788691990724,99.5,3.020841037769986,0.05,0.01532125473022461,0.4183921813964844,0.024741631,0.016156124,-12.761987374796563,-0.7095434090060944,-0.23591156095714022,99.5,10000,2.037278175354004,0.03864800675959176,0.03209574434845946,-8.858662922615865,100.0
338,40.60795974731445,-13.01142410463636,10.510296669918553,-8.191174850355175,-89.22272046034404,97.5,2.399374353045896,0.05,0.014223575592041016,0.40519213676452637,0.024823582,0.022818351,-12.786931047780541,-0.7265594203975044,-0.2630646316963095,97.5,10000,2.038306474685669,0.18567172999188292,0.16753382296315644,-8.773107341562339,100.0
339,40.762656688690186,-12.680665444127463,8.135445820744456,-8.261887995480768,-82.71996793967956,97.5,3.1313865961370535,0.05,0.015213727951049805,0.4279956817626953,0.024799757,0.014298911,-12.776304487415235,-0.7215330607636387,-0.25631227674525264,97.5,10000,1.701791763305664,0.10961986028569717,0.10808094839345042,-8.852506343344313,100.0
340,40.445924043655396,-12.441956455413496,8.172812175619766,-8.122846667607613,-100.1454241411921,99.0,3.0504958609492863,0.05,0.012703180313110352,0.46385669708251953,0.025122715,0.015635932,-12.742869684215062,-0.7206700261180029,-0.25160141892480153,99.0,10000,1.8341634273529053,0.11348651291646215,0.10748060594778287,-8.678819137697158,100.0
341,40.412628412246704,-12.444774485263421,6.976466658315907,-8.222478128489028,-79.67196375250344,98.5,2.7525793571016197,0.05,0.017893075942993164,0.41799330711364746,0.025149116,0.01519018,-12.713060164319899,-0.7196520979292054,-0.25171914725250155,98.5,10000,1.8388473987579346,0.08490504369741143,0.08889765644796473,-8.783456593362143,100.0
342,40.492278814315796,-12.965181543202107,8.60969302005131,-8.280391029722999,-78.21995616799022,96.5,3.0087608605794416,0.05,0.01256561279296875,0.43128275871276855,0.024536828,0.014205641,-12.73827230220812,-0.7262683419198033,-0.2621359108739896,96.5,10000,1.9799602031707764,0.12527626879034445,0.11704448033089106,-9.243815127589118,100.0
343,41.16267275810242,-12.118913379585488,6.777127840581713,-8.270489104471912,-62.40680510490033,98.0,2.486692560537989,0.05,0.012488603591918945,0.40602731704711914,0.025125587,0.017364318,-12.676336409945858,-0.7152718364029679,-0.24507385695736836,98.0,10000,1.9488856792449951,0.08012284281201659,0.0813179992140959,-8.871793870964469,100.0
344,40.26923418045044,-13.930628699565032,12.08316415774002,-8.302339574574475,-89.20349351012159,95.5,2.3183758468245212,0.05,0.013019084930419922,0.426483154296875,0.024566183,0.019693207,-12.801765638907776,-0.7368612513145476,-0.2814051475855008,95.5,10000,1.7563812732696533,0.1965198353825444,0.18350977580422115,-9.369681636108666,100.0
345,40.58081007003784,-12.121319089089795,7.003066245099591,-8.328447514262693,-91.56665986898824,99.0,2.8698154771532556,0.05,0.01498723030090332,0.41367435455322266,0.025246177,0.0147970375,-12.733720983925979,-0.7153606440395606,-0.2452496235532709,99.0,10000,1.8293969631195068,0.09093530813701675,0.08560162342075192,-9.39440191459489,100.0
346,40.21894431114197,-12.059332775452335,6.237993770890345,-8.387232193046723,-77.70930087716032,97.0,2.2988740900984546,0.05,0.015311241149902344,0.45319437980651855,0.02455523,0.025646303,-12.666282163078614,-0.7145458436024035,-0.2439772643033219,97.0,10000,1.9980063438415527,0.08243535040266671,0.07763813292154288,-9.381279164112375,100.0
347,40.91586637496948,-11.737725683855187,5.6652610707735525,-8.293307262210107,-71.75465129258758,98.5,2.8078695451153064,0.05,0.012378454208374023,0.4361588954925537,0.022962017,0.011991141,-12.573426515156271,-0.7104482848756117,-0.237610284785764,98.5,10000,1.8261821269989014,0.06511841199495048,0.06286689223457323,-8.783674018281571,100.0
348,40.199341773986816,-11.740773944753444,5.6912543561789235,-8.367260595502344,-55.584759996483626,99.0,2.935657928080568,0.05,0.010496854782104492,0.4213392734527588,0.02413557,0.015075874,-12.49016125811599,-0.7094325826317727,-0.2375195430732876,99.0,10000,1.8658933639526367,0.05911589885818501,0.056815051315068144,-8.832525366620613,100.0
349,39.62790870666504,-11.827669018774243,6.318785109059712,-8.425862583027335,-81.57094666833723,99.0,2.3070503335267136,0.05,0.014652252197265625,0.44593358039855957,0.024832264,0.018959872,-12.423912034181814,-0.7115473340886217,-0.23939495348594428,99.0,10000,2.0559794902801514,0.07595032994074799,0.06925778618544577,-9.022474454203579,100.0
350,39.73674654960632,-13.905906965630615,13.664394910385443,-8.208031305840702,-117.9240874738745,96.5,2.2358724813256967,0.05,0.01339411735534668,0.39620280265808105,0.024860045,0.020835062,-12.572111527326694,-0.7385721825750389,-0.2809744106091797,96.5,10000,1.9900715351104736,0.2552883528247569,0.24572605151651097,-8.869738688257945,100.0
351,39.68659520149231,-12.817783425953156,9.523482141170943,-8.040041992938196,-94.07292389812288,96.5,3.0070014520867656,0.05,0.01764512062072754,0.41160035133361816,0.024791406,0.014648941,-12.596678717189342,-0.7251950586213664,-0.25919163352018415,96.5,10000,1.934506893157959,0.1579947312352352,0.14375754392671777,-9.364806149956722,100.0
352,39.52148389816284,-11.70907318056029,6.503319106425758,-8.016058088697571,-74.82802490470351,99.0,2.2976837963234154,0.05,0.012876033782958984,0.43280649185180664,0.024981562,0.02038467,-12.507918163526437,-0.7092948406769009,-0.2370108264461043,99.0,10000,1.6122901439666748,0.0806536028053755,0.07258859564000082,-9.328102901377116,100.0
353,40.198442697525024,-12.229299470988785,8.985746671798513,-7.909991914745919,-93.45707081387677,97.5,2.363069330942369,0.05,0.018393516540527344,0.4405858516693115,0.023656422,0.01978276,-12.480056294272671,-0.7162717730522347,-0.2474189113168704,97.5,10000,1.9145383834838867,0.1247011448583254,0.12129722576218543,-8.655546735322272,100.0
354,40.14915680885315,-11.649853732842885,4.92847385035971,-8.192592026533442,-48.47317939392638,99.0,2.9142942691599614,0.05,0.012724161148071289,0.4676513671875,0.02481542,0.017012939,-12.397036038129693,-0.7095090079951853,-0.2356590683746412,99.0,10000,1.9153497219085693,0.05320192543132866,0.04825658005067094,-8.789447860965115,100.0
355,40.410457134246826,-12.133465666618397,9.694455815723426,-8.340468224534078,-103.89074747889049,98.0,2.6385479121119384,0.05,0.014667987823486328,0.414703369140625,0.025129331,0.01728336,-12.370679000978562,-0.7160374010617376,-0.24547458599239433,98.0,10000,2.0678634643554688,0.15418270669329998,0.14875610108167742,-9.034145127179046,100.0
356,40.13659739494324,-12.108297202125847,5.070271255712508,-8.183798576098463,-47.608106128002945,98.5,2.6482346751479837,0.05,0.016289472579956055,0.4445962905883789,0.025126757,0.017665394,-12.344440821093292,-0.7143010370957988,-0.24499057674442543,98.5,10000,1.9502685070037842,0.06320841053870425,0.0537986824064787,-8.832097363061134,100.0
357,40.088932275772095,-11.98000555934996,6.571115669137119,-8.183706378625342,-84.87103900579436,98.0,3.0353526056870916,0.05,0.014720916748046875,0.4147613048553467,0.024914222,0.017660635,-12.307997294918959,-0.7126043694133586,-0.24241336022983886,98.0,10000,1.9835104942321777,0.08732107776591799,0.08379532359667426,-9.272958405592858,100.0
358,39.7217435836792,-12.048795713800887,7.567373732791882,-8.230586234754114,-97.55211197418339,98.5,2.270017103352333,0.05,0.012346982955932617,0.4551525115966797,0.024586942,0.017666332,-12.282077136807152,-0.7144018026471041,-0.24383352401127648,98.5,10000,1.7396249771118164,0.10694293620460908,0.09865314285841482,-9.342215167770828,100.0
359,38.46677923202515,-12.442681916068732,9.388298958759988,-8.364943822259091,-90.01840736789724,98.5,2.7706421957954133,0.05,0.013079166412353516,0.39984679222106934,0.025032548,0.016189873,-12.29813761473331,-0.7173661632514317,-0.2517133841295764,98.5,10000,1.8656039237976074,0.15328869146184051,0.12038694522911444,-9.208550522209134,100.0
360,38.16319251060486,-12.252941202355379,7.616990049255007,-8.398420381011942,-85.04708618345857,97.5,2.591281177654504,0.05,0.013390302658081055,0.3937966823577881,0.025000878,0.016981984,-12.293617973495518,-0.7161108267279996,-0.2478966300023933,97.5,10000,1.8959779739379883,0.09728028455908903,0.09118286407331733,-9.469175966744457,100.0
361,37.9089720249176,-11.72521338889233,6.226150322978894,-8.451339940076247,-81.6412409360706,99.0,3.094511100744297,0.05,0.012247562408447266,0.4057047367095947,0.024925286,0.014876552,-12.2367775150352,-0.7102725456281951,-0.23725209849072965,99.0,10000,1.9609689712524414,0.07179836885851744,0.07159785296491497,-8.669678459160497,100.0
362,39.04228448867798,-12.497537293917912,7.474400080401464,-8.243117535700488,-82.65369079707413,97.5,2.2831404160198754,0.05,0.013090848922729492,0.42076587677001953,0.025088526,0.020113485,-12.262853492923472,-0.7181894095760968,-0.2526335766814105,97.5,10000,1.6859748363494873,0.10183770156504901,0.10060177276320222,-8.88932027923919,100.0
363,39.414389848709106,-12.931184347961882,9.236634742472601,-8.497462112415647,-107.92093083843953,97.5,2.932276003020373,0.05,0.011253833770751953,0.4378063678741455,0.025101202,0.015734361,-12.329686578427314,-0.7266465777886366,-0.26147768772016233,97.5,10000,1.933833122253418,0.16014215564548975,0.1452626208755886,-12.015196358549716,100.0
364,38.18735694885254,-12.08070875154778,8.018806563321068,-8.318414398890695,-84.75900504138689,99.0,3.129234940802938,0.05,0.013422966003417969,0.430405855178833,0.025233425,0.014247026,-12.304788795739361,-0.7143163470021971,-0.24441782868982875,99.0,10000,1.970379114151001,0.12027095643722883,0.11074339943976416,-16.02706310732509,100.0
365,39.41219449043274,-11.338640220696586,3.370756619997352,-8.244527009766838,-39.42718906109573,99.0,2.8474952561552627,0.05,0.012662410736083984,0.40664005279541016,0.025289848,0.0157523,-12.208173938235085,-0.704521861778736,-0.22961575166511838,99.0,10000,2.013385057449341,0.027425967545535647,0.023778366106398482,-8.725313766975164,100.0
366,39.19711780548096,-12.068052254605123,7.2721487902959545,-8.446175895478667,-88.51559460949649,98.0,2.465271162857731,0.05,0.012493610382080078,0.4163501262664795,0.024945537,0.018547332,-12.194161769872089,-0.7141946468886221,-0.24418002160264188,98.0,10000,1.6724629402160645,0.08800967025322887,0.08350179564266198,-8.659577392852146,100.0
367,39.19826316833496,-12.13666642722813,8.352537786034631,-8.318581110148427,-108.55751346416339,98.5,3.439177813789935,0.05,0.011709451675415039,0.40322184562683105,0.024632094,0.012686056,-12.188412235607695,-0.7158882903483805,-0.24545878794973933,98.5,10000,1.957090139389038,0.11998189823667399,0.117791693829904,-8.695491276054728,100.0
368,38.957075119018555,-11.888348067582234,8.498874966645381,-8.285410011758051,-83.32653356508929,98.5,2.8758833808402375,0.05,0.012845516204833984,0.40984249114990234,0.025093982,0.017244577,-12.158405818805148,-0.7128729924267411,-0.24060416214853944,98.5,10000,1.8203628063201904,0.12693060051378485,0.12201851838501168,-8.924449893940794,100.0
369,39.05216979980469,-11.669815439082509,6.288587106063237,-7.44805979795564,-84.60236862560852,99.5,2.943404407116131,0.05,0.012106180191040039,0.4014394283294678,0.024698192,0.014724955,-12.109546780832884,-0.711033695613238,-0.23620507384595585,99.5,10000,1.7793667316436768,0.07433871927803588,0.06624305191356279,-8.84100707613845,100.0
370,38.850889921188354,-10.973780888354108,3.0706221541496688,-8.264726366816888,-35.564838090467035,100.0,2.9442236232110783,0.05,0.021723031997680664,0.4103739261627197,0.025023635,0.014545806,-11.995970191585007,-0.7006217649921337,-0.22232427170773178,100.0,10000,1.8651137351989746,0.02342658822516002,0.01979136814886096,-8.824852720361154,100.0
371,39.494818449020386,-11.527003080586645,6.182989676151684,-8.13063236262707,-81.94127229086264,99.5,2.5426255239198547,0.05,0.010498762130737305,0.4277215003967285,0.02443535,0.016427645,-11.94907348048517,-0.7066951932955828,-0.23335748422030328,99.5,10000,1.5303630828857422,0.06379959499185553,0.06241031528348788,-8.790717415565238,100.0
372,39.88733649253845,-11.637926020029772,9.679901705059171,-8.060886297158824,-96.29072155697186,98.0,2.2684510782519034,0.05,0.012731790542602539,0.40338993072509766,0.024138661,0.02133136,-11.91795873443963,-0.7102541968815828,-0.23561194431954413,98.0,10000,1.7521436214447021,0.14431986875459304,0.13221931425534544,-8.656634742517985,100.0
373,38.82424187660217,-11.35147214054662,6.363558116545201,-8.316029158793054,-89.62491998353886,98.5,2.9657645874768215,0.05,0.01048588752746582,0.42223596572875977,0.024243535,0.01475177,-11.861310075050328,-0.7053232762908612,-0.2298858609000947,98.5,10000,1.8114237785339355,0.06694332991309135,0.06503868834235355,-8.8068294821885,100.0
374,39.34533762931824,-12.865560439833505,11.74650571689089,-7.353569870166914,-107.1808888625517,96.0,2.3498514042710004,0.05,0.014274358749389648,0.41348791122436523,0.024860919,0.019243065,-11.961735111528647,-0.725549032246864,-0.2598443081626623,96.0,10000,1.7998788356781006,0.20575785728852647,0.20433927236118354,-8.763149604662246,100.0
375,39.606521129608154,-12.773480765198547,11.070766505537849,-8.301132488716084,-102.24961151705956,97.5,2.038743220119693,0.05,0.013661384582519531,0.41579723358154297,0.02488922,0.02029227,-12.042909676895638,-0.7236594282623784,-0.2582416482516989,97.5,10000,1.7309863567352295,0.19473449221469172,0.16963766238387576,-9.525105085252218,100.0
376,39.47106051445007,-12.482964689567929,9.121226585706632,-7.3803853792492555,-83.69966394552429,98.5,2.161838245143226,0.05,0.016687870025634766,0.39963316917419434,0.025535284,0.020309368,-12.086915178162867,-0.7212780363793919,-0.2523898789180554,98.5,10000,1.7761249542236328,0.14034125305843137,0.12994112825975543,-8.750323465707826,100.0
377,39.80655527114868,-11.435169206649384,6.405654647451312,-8.254282230052866,-86.02499707904694,99.0,2.898612649814959,0.05,0.017199993133544922,0.3981051445007324,0.025107574,0.016731199,-12.02174058101152,-0.7068865449085107,-0.231536935066621,99.0,10000,1.9617643356323242,0.06738666301267528,0.06732171130068489,-9.471345947892742,100.0
378,39.348395109176636,-12.115109043223462,7.146096668537745,-8.267927270659225,-84.63636898333758,98.5,2.738632074851902,0.05,0.014042377471923828,0.41472959518432617,0.02497927,0.018475927,-12.031077427232713,-0.7150508546129347,-0.2450956152361861,98.5,10000,1.933272361755371,0.08520849144237327,0.08315321441179514,-14.46095957974108,100.0
379,39.628923177719116,-11.91868137745576,7.0919247725356644,-8.250007750522137,-81.13471772199746,98.5,2.9390177713748042,0.05,0.01558828353881836,0.439359188079834,0.023302004,0.015170245,-12.019837822255019,-0.7131442048547882,-0.24122767010377555,98.5,10000,1.7464158535003662,0.08980076133191418,0.08660855359855424,-8.641219787569444,100.0
380,39.21885347366333,-12.13899196645088,6.916121190082952,-8.184578620114234,-81.77838627501954,98.0,2.561498658726265,0.05,0.013086080551147461,0.4229426383972168,0.02471193,0.01669216,-12.031753236674604,-0.7155726477735459,-0.2456010476475212,98.0,10000,1.993748426437378,0.08712014923747254,0.08416956292321352,-8.749046152886873,100.0
381,39.758838415145874,-11.475523415171006,4.345040566129391,-8.325225129379854,-44.22264186479539,99.5,2.4796822257659037,0.05,0.014182806015014648,0.4247150421142578,0.025165083,0.018743709,-11.976130254524243,-0.7070169668412757,-0.23232467552987152,99.5,10000,1.9571728706359863,0.04154428351376808,0.03977530480018463,-8.786968740772668,100.0
382,39.6993567943573,-12.128482031434485,8.808901625884818,-8.329499250230999,-103.56293316283087,96.5,2.6047044640580896,0.05,0.014122486114501953,0.38211679458618164,0.024822583,0.017062776,-11.991365432215266,-0.7152599452474913,-0.24542684433789005,96.5,10000,2.022500514984131,0.13443731287715832,0.1280137577949189,-8.817450427028222,100.0
383,39.594494104385376,-12.002290867850991,6.707728288961366,-8.127623838906077,-81.29585131183501,99.0,2.8772730996061697,0.05,0.013293743133544922,0.437974214553833,0.02496324,0.015787698,-11.99245797577884,-0.7133310716418448,-0.2428927727761085,99.0,10000,1.8957533836364746,0.08823468962116221,0.07516613179139314,-8.924785373346708,100.0
384,39.43156385421753,-12.08422942040255,8.753474622961589,-8.187989934944127,-100.6684029786163,98.0,3.5833637272902394,0.05,0.012186527252197266,0.42267584800720215,0.024508767,0.012324798,-12.001635120241211,-0.7148709076961753,-0.24452099743588726,98.0,10000,1.926478385925293,0.13424824123192547,0.11997968309402537,-8.907649307237921,100.0
385,39.614747524261475,-12.194626732093266,10.839436248065256,-8.210589904258962,-102.34844819106947,98.0,2.4756407269954446,0.05,0.014515161514282227,0.3910214900970459,0.025758224,0.022154186,-12.020934281426417,-0.7176418545955464,-0.24675310573759973,98.0,10000,2.12168025970459,0.17099354947628376,0.16434962704526931,-8.979220756029033,100.0
386,38.92711329460144,-12.730449340977094,9.552835040638339,-8.367151965308269,-85.11317468926704,97.0,2.9357871754726186,0.05,0.014650821685791016,0.3958864212036133,0.024960887,0.01697852,-12.091885787381486,-0.7234501570551082,-0.25746958181688345,97.0,10000,2.0007455348968506,0.1597000068165636,0.14614871860507284,-8.973995198241493,100.0
387,39.081175804138184,-11.296773540179489,7.207229481329162,-8.201843614650889,-98.40554494279408,99.0,2.3092254311419262,0.05,0.013959169387817383,0.4026761054992676,0.024748921,0.017678173,-12.012374562661286,-0.705186971135513,-0.22875507740698475,99.0,10000,2.0763144493103027,0.09051776300582244,0.0876263985181634,-9.010371254630986,100.0
388,38.95941472053528,-10.87516002151362,3.9785108786143937,-8.241615265385866,-58.836394165163725,99.5,2.6059531201389396,0.05,0.010794401168823242,0.4354250431060791,0.024893066,0.017884007,-11.89865310854652,-0.6995843620350114,-0.22031629576999548,99.5,10000,1.8056936264038086,0.031285963811225226,0.0278490187187274,-8.844888780071456,100.0
389,38.11750555038452,-11.600799681263759,6.180547416819948,-7.5402864369422185,-70.25488013444517,98.5,3.491386831476403,0.05,0.01567816734313965,0.4055938720703125,0.024770621,0.012675262,-11.868867765818244,-0.7088944344671144,-0.23484975188749588,98.5,10000,1.8464820384979248,0.07060006690386117,0.06763972366969895,-8.747689912030904,100.0
390,38.74564790725708,-10.893852216348641,2.924084265329337,-8.215774218754696,-37.354040209262934,100.0,3.0147252531345194,0.05,0.012453079223632812,0.4045414924621582,0.02506956,0.01415778,-11.771366210871284,-0.6995469329221996,-0.2207240751189496,100.0,10000,2.062880516052246,0.018084681989707033,0.017818603063280775,-8.90807775236526,100.0
391,39.01350402832031,-10.943077508035774,3.2558409020949766,-8.117048367611503,-34.84123783114738,99.5,2.294109472255501,0.05,0.013950586318969727,0.40412330627441406,0.024665698,0.0203716,-11.688537340587734,-0.7004306636439235,-0.2216257539082873,99.5,10000,1.917362928390503,0.021633310525036555,0.02024442838889405,-9.473796161553334,100.0
392,39.32757639884949,-10.58643295286984,2.2951730626055187,-7.978129635694473,-27.09092530797672,100.0,2.470883814679773,0.05,0.012674331665039062,0.3899393081665039,0.025053855,0.019505348,-11.578326901815945,-0.6957943932425112,-0.2145911961830233,100.0,10000,1.7504355907440186,0.010335444895060098,0.010065645620002107,-8.733157634003225,100.0
393,39.253602027893066,-11.467138173698899,7.630668481456147,-8.023261968093635,-79.1152684858414,98.0,2.102086692374826,0.05,0.011981010437011719,0.44171619415283203,0.024500547,0.019453723,-11.56720802900424,-0.7070578591433369,-0.2321941275533067,98.0,10000,1.9906713962554932,0.10296891053936379,0.0930809924590386,-8.88811591925305,100.0
394,39.16373538970947,-11.859431921508303,9.68153508182682,-8.061664663873483,-92.34933733371973,98.5,2.999752183421064,0.05,0.013010025024414062,0.43479347229003906,0.024878148,0.015536449,-11.596430418254647,-0.7122646949336374,-0.23999348204783577,98.5,10000,2.2034621238708496,0.15738164840370197,0.13461260559268673,-9.227381418405702,100.0
395,39.86722135543823,-12.125694582617335,10.069602405923938,-8.079494494868865,-83.60225115596394,98.0,2.602256919368052,0.05,0.015290498733520508,0.44009852409362793,0.026084924,0.017801868,-11.649356834690916,-0.7158952652237189,-0.24536439124679568,98.0,10000,1.746530532836914,0.15745976742032933,0.15091767646282306,-9.616723538789604,100.0
396,39.164490938186646,-11.31210935195245,7.752321967340191,-7.956039308928209,-83.81993547849048,98.0,2.6141577721391673,0.05,0.016155481338500977,0.43393731117248535,0.025234565,0.016679669,-11.61563208641707,-0.7065329180295282,-0.22909042105026572,98.0,10000,2.009054183959961,0.0941634691127471,0.0912196237415578,-8.948430768164897,100.0
397,39.5262291431427,-11.021480359169095,6.211279357748559,-7.934363752788398,-80.89530041635194,99.0,2.4307623480257665,0.05,0.014464139938354492,0.4114210605621338,0.02534736,0.018761616,-11.556216913692273,-0.701673683004747,-0.2232808670270012,99.0,10000,2.002694606781006,0.07080411757683172,0.06333693604855353,-8.76345740098771,100.0
398,39.567387342453,-10.66108110837263,7.295934604839037,-8.14484848193935,-94.35622113773086,99.0,2.645312270358628,0.05,0.014995098114013672,0.46242284774780273,0.02466817,0.015859786,-11.466703333160309,-0.6975414914121487,-0.2160348989920334,99.0,10000,1.8841900825500488,0.08554291211145126,0.08225222347930747,-8.770841145082882,100.0
399,39.498213052749634,-11.018657786067344,5.887937260474761,-8.205609458145055,-80.4073609800146,99.0,3.0817418141687285,0.05,0.009891033172607422,0.419741153717041,0.024723073,0.013531158,-11.421898778451013,-0.7023953153464401,-0.22321896645633157,99.0,10000,1.9207751750946045,0.06479701612071873,0.05957184543774898,-8.767082190030782,100.0
400,39.406005859375,-11.980281627471436,10.015548139624585,-8.064978539652964,-97.27352944459852,98.0,2.247894393704653,0.05,0.011893033981323242,0.43202877044677734,0.024643088,0.01817563,-11.477737063353054,-0.7135622801872781,-0.24246918908784354,98.0,10000,1.840163230895996,0.15422238518611492,0.1476270691711749,-9.785549466206671,100.0
401,39.10573482513428,-11.409065080438713,8.357583662092315,-8.239934990590028,-89.57660628092798,98.5,1.827732731616838,0.05,0.01612257957458496,0.4399096965789795,0.025324041,0.021634707,-11.47086986506162,-0.7062376011647902,-0.2310076421608667,98.5,10000,1.7356274127960205,0.11900930634151562,0.10003884079862994,-8.697297775863957,100.0
402,39.79736328125,-10.572845294275314,5.41333361028533,-7.869085344375635,-81.64763449225457,99.5,2.9319461520942984,0.05,0.012912750244140625,0.47332000732421875,0.02505697,0.015151916,-11.38106740798299,-0.6963915434047627,-0.21424511511653663,99.5,10000,1.9614806175231934,0.05759872486560272,0.05196118099747085,-9.533789030734429,100.0
403,39.23423218727112,-10.989666006404786,4.142405641096374,-8.11611303730869,-51.69768325035193,99.0,2.7633483646395667,0.05,0.015540838241577148,0.3966207504272461,0.02523561,0.017003058,-11.34192726782517,-0.7020456103689137,-0.22263450252018266,99.0,10000,1.9099607467651367,0.03529543810870179,0.032835480091247794,-9.438743041000299,100.0
404,40.35251998901367,-12.458061903800221,11.614212541487259,-8.089719022851943,-106.98829938395714,96.0,2.8073598191537323,0.05,0.014992475509643555,0.42548704147338867,0.024788305,0.015146785,-11.453540731422676,-0.7209372865223278,-0.25189776166487177,96.0,10000,1.9140713214874268,0.2077806768465999,0.18660828928804668,-9.337665336783617,100.0
405,39.72534894943237,-11.043466558499592,6.8415737079230485,-8.05862076249632,-86.82793838297329,98.5,2.7061925164507756,0.05,0.013361215591430664,0.3822202682495117,0.024982493,0.016814044,-11.412533314130368,-0.7019284877690282,-0.22368999306093898,98.5,10000,2.0377449989318848,0.07671393333097946,0.07526815423316542,-9.005694309608232,100.0
406,40.22716307640076,-11.511987756025094,8.333128413417429,-8.107315113819539,-108.78657000454564,99.0,2.614824370321963,0.05,0.01486825942993164,0.45115113258361816,0.025826428,0.016863978,-11.42247875831984,-0.7090579212722237,-0.233090946665886,99.0,10000,1.903418779373169,0.11500288829368652,0.10586503951756622,-8.813809284763106,100.0
407,39.52151131629944,-10.911749773674506,5.684830922811077,-7.955361838009478,-84.55867404338056,99.5,3.0142628492926855,0.05,0.017795085906982422,0.42601871490478516,0.025165763,0.0140642505,-11.371405859855308,-0.6994380834612813,-0.22108895344789736,99.5,10000,1.9657704830169678,0.05798822366407992,0.051847539208686455,-8.981786971591259,100.0
408,39.17225432395935,-11.612376492875109,8.005429070471429,-7.987447114693495,-86.66429192691488,98.5,2.2118375712654403,0.05,0.014825820922851562,0.41935300827026367,0.02490072,0.01921491,-11.395502923157288,-0.7086229699197734,-0.23507854516045779,98.5,10000,1.8085336685180664,0.09381159801080773,0.09335668093564,-9.120488422269364,100.0
409,39.88527798652649,-11.37638392185298,9.058693175280647,-7.994271668947165,-89.17057014989074,98.0,2.4036879877945543,0.05,0.01172327995300293,0.3844151496887207,0.025483355,0.020192448,-11.393591023026858,-0.7048469661897999,-0.23034201361032913,98.0,10000,1.9295542240142822,0.12206863264760129,0.11703703194845005,-9.893053166606297,100.0
410,38.725058794021606,-11.48714724875735,9.247112394831627,-8.001216593689586,-109.65113271152892,98.0,2.0551959895600085,0.05,0.013137340545654297,0.41230225563049316,0.024693169,0.027053688,-11.402946645599906,-0.7081139564946729,-0.23260114149059774,98.0,10000,1.863727331161499,0.13638477207674257,0.13041045381609861,-8.964401155213057,100.0
411,39.32123875617981,-10.299010962677226,2.4986226287362423,-8.070648812079725,-29.20526732253498,100.0,3.743922109728917,0.05,0.01167154312133789,0.42273783683776855,0.027075946,0.01427306,-11.29255307730764,-0.6932721683807873,-0.20884307482999348,100.0,10000,1.650339126586914,0.019288142988702833,0.012066931457907904,-8.885023027267412,100.0
412,39.22558403015137,-10.79558081753106,5.975846352282112,-7.779453471929727,-77.79406777401461,98.5,3.7813482787623864,0.05,0.011955022811889648,0.3811023235321045,0.025095308,0.012838806,-11.242855851329981,-0.699701493829933,-0.21876598558024896,98.5,10000,2.000523567199707,0.06375747184318634,0.058799568210524095,-8.724846206897569,100.0
413,38.362807512283325,-11.002470491824965,5.055839223397954,-8.069435731904044,-62.307680003733566,99.5,2.781220138716575,0.05,0.014183521270751953,0.38536906242370605,0.025045196,0.017428176,-11.218817315379479,-0.701472880777806,-0.22289619678130973,99.5,10000,1.8304078578948975,0.04512388166506698,0.04340002184712768,-8.640096478285859,100.0
414,39.1489200592041,-10.392065935225535,4.181972527194344,-7.804246312746554,-49.3609485231809,99.5,2.745233605663721,0.05,0.012048959732055664,0.4263193607330322,0.025944173,0.014408824,-11.136142177364086,-0.6938443442609232,-0.21068846393292417,99.5,10000,1.8397209644317627,0.028652682056503703,0.02799474178354374,-8.854495756131403,100.0
415,40.35993218421936,-10.22409379980136,6.652473686024596,-7.227630590716593,-101.40051684071767,99.5,2.195980511053556,0.05,0.018422365188598633,0.39214611053466797,0.025401019,0.019543087,-11.044937339607813,-0.6923158079612287,-0.2073168660646961,99.5,10000,1.9480698108673096,0.07113813344389615,0.06582408445379354,-9.659824538031751,100.0
416,39.066816568374634,-11.445426584243565,8.080757947548161,-7.7947085320421285,-97.7173304408941,96.5,2.4966588369884457,0.05,0.013223648071289062,0.45961594581604004,0.025093695,0.016860444,-11.084986264071388,-0.7095546652913094,-0.23173562073036713,96.5,10000,1.7363333702087402,0.10522245808333572,0.10544738095823161,-9.962728667986468,100.0
417,39.96069073677063,-11.242363455799218,7.176690993003526,-7.43064674661354,-96.70820002989787,99.0,3.07370157270158,0.05,0.012253522872924805,0.4253685474395752,0.025184844,0.01585291,-11.10072398324417,-0.7064921910061343,-0.2276862341904723,99.0,10000,1.956885814666748,0.08672494927916932,0.0835764241267223,-9.01046684404557,100.0
418,39.87099814414978,-11.077959668527619,7.938536726378241,-7.870926449301153,-106.46143422433741,98.5,2.4410473572321814,0.05,0.013543128967285156,0.42288947105407715,0.026276117,0.01799743,-11.098447551772516,-0.7042627437365298,-0.22416325990401112,98.5,10000,2.0944201946258545,0.11157241382369648,0.10402110321158037,-9.16868992872213,100.0
419,40.02775168418884,-10.21655013306939,3.83297121621432,-7.935533330410404,-49.360163139633855,99.5,3.132121494303089,0.05,0.012963294982910156,0.45685863494873047,0.025091343,0.013763559,-11.010257809902203,-0.6924473051643036,-0.2071469523149743,99.5,10000,1.8431510925292969,0.03378674935227037,0.028526545487179554,-8.904740423807853,100.0
420,39.43160820007324,-10.362675389046647,4.047198957438023,-7.99682534983283,-57.33369446251995,99.5,3.2785572858686614,0.05,0.017658472061157227,0.46352434158325195,0.024968717,0.013702666,-10.945499567816649,-0.694830512508184,-0.21005096739663892,99.5,10000,1.810774564743042,0.028956963797792896,0.02753543334376283,-8.991693534623122,100.0
421,39.47252941131592,-10.856358760379216,4.477170777483129,-8.033295963159278,-54.86924431011106,99.5,2.7430109430325698,0.05,0.017139673233032227,0.43329501152038574,0.024420623,0.016947076,-10.936585487072906,-0.7009695046925448,-0.21997181233244803,99.5,10000,1.7403185367584229,0.03669707605456965,0.035182508625395216,-9.116956235411324,100.0
422,39.335017919540405,-10.534836019732495,8.223728372645727,-7.8076366569672695,-97.19748639418613,99.0,2.0361892791168574,0.05,0.01361989974975586,0.4194324016571045,0.025043206,0.023334708,-10.896410540338865,-0.6976629970463338,-0.21348958303693003,99.0,10000,1.8980498313903809,0.10706425503920027,0.09926284605719277,-9.162886294806459,100.0
423,39.047696352005005,-10.472814217247384,3.5709663338561835,-7.926224451172417,-41.79492114637652,99.5,2.2251100582415875,0.05,0.015285968780517578,0.4310312271118164,0.025095815,0.021708423,-10.854050908029716,-0.6958661370746465,-0.21228407986753275,99.5,10000,1.6478300094604492,0.029529198394279383,0.023948299929107603,-9.37897652219787,100.0
424,39.528825998306274,-10.46094851496959,5.738751647535931,-7.52156754785657,-80.33890177614786,99.0,2.081048523552114,0.05,0.013396263122558594,0.4553689956665039,0.024989845,0.019153731,-10.814740668723703,-0.6957240234854761,-0.21203829793252976,99.0,10000,1.6488721370697021,0.06318657182458784,0.058538660965184515,-9.540566686274847,100.0
425,38.14120078086853,-10.550821517508279,7.190514772645069,-7.491778946709648,-106.3410098403954,99.5,2.6271805029112074,0.05,0.013927936553955078,0.42104363441467285,0.025003107,0.017592777,-10.78834875360216,-0.6965788651821652,-0.21386233754994996,99.5,10000,1.8617792129516602,0.08254940685107186,0.07676487867270249,-9.316109744952517,100.0
426,38.691343784332275,-10.705579110821962,5.834126096578963,-7.903763692999921,-74.17125087887337,99.0,3.2324706528727822,0.05,0.013879537582397461,0.42118096351623535,0.025028998,0.014298685,-10.78007178932414,-0.6979596161763572,-0.21697312236377578,99.0,10000,1.8024864196777344,0.0727765600749643,0.0655952984837639,-9.367912288205423,100.0
427,39.93763065338135,-10.608758227161223,4.613764705696212,-7.963291324159044,-62.27331180612615,99.5,2.709040960743347,0.05,0.01375889778137207,0.4255194664001465,0.025263267,0.014271345,-10.762940433107849,-0.6974058042160296,-0.21498175787119073,99.5,10000,1.9727027416229248,0.04045608804883876,0.035956106417590505,-9.16409348166449,100.0
428,39.611868143081665,-10.45126843930345,3.7112869037210263,-7.81726658395764,-40.7203948341274,99.5,3.0572352307885873,0.05,0.015369892120361328,0.44381093978881836,0.0249489,0.015786666,-10.73177323372741,-0.6946615393673119,-0.21179351163832855,99.5,10000,1.7785558700561523,0.025005406324808223,0.02368939048255354,-9.301086361064216,100.0
429,40.21490120887756,-10.434923449906394,3.044744348178715,-8.054628396234849,-34.243024931238445,99.5,2.7334257820900723,0.05,0.013918161392211914,0.4253413677215576,0.025027897,0.016311593,-10.702088255345307,-0.6955213112653047,-0.2114935563097172,99.5,10000,1.974705696105957,0.01916843139151093,0.01761577367971271,-9.357085392830395,100.0
430,39.4941189289093,-10.980541177604795,6.508910158762513,-8.020046387795333,-81.28792489179685,98.5,2.0041198873881796,0.05,0.021401405334472656,0.42450904846191406,0.025190348,0.021240352,-10.729933547571257,-0.7023109188620313,-0.22245024334047098,98.5,10000,1.817460298538208,0.08028389993134326,0.07241806936865654,-9.41284433675585,100.0
431,39.33170747756958,-10.292002781168271,5.137112428949936,-6.96924739118588,-77.91366752854867,99.5,2.387089547212208,0.05,0.012137413024902344,0.40116143226623535,0.02502146,0.0181011,-10.686140470930958,-0.692055826161019,-0.2086959073350122,99.5,10000,1.9373984336853027,0.0471649001210583,0.04474162721324629,-9.339077615246023,100.0
432,39.22504186630249,-10.952237362635685,6.541713329685009,-7.953808387269866,-82.33998019024128,99.5,2.4972870838440984,0.05,0.012997865676879883,0.41627025604248047,0.024357196,0.015413906,-10.71275016010143,-0.7009175649895728,-0.22190231835492605,99.5,10000,1.8652303218841553,0.0738161119599034,0.06729138349474424,-9.347798657123752,100.0
433,39.58285140991211,-10.478567426171608,4.3727274930587345,-7.353319090951375,-57.20571267143003,99.5,3.5513015417921356,0.05,0.013242721557617188,0.40895867347717285,0.02404658,0.012176271,-10.689331886708448,-0.6962175615689798,-0.21240963286957176,99.5,10000,1.751746416091919,0.03684879118745124,0.035284640616582055,-9.188599150093944,100.0
434,39.248968839645386,-10.35724396179941,4.155859963467483,-7.814869470579666,-57.38112926330274,99.5,3.0316932427180086,0.05,0.013345003128051758,0.38871169090270996,0.025113633,0.015830915,-10.656123094217545,-0.6936061793857998,-0.20996582525792043,99.5,10000,1.965623378753662,0.03515373296103512,0.03195872503032674,-9.247147875370326,100.0
435,39.361897230148315,-10.872047707507154,6.417370638927989,-7.7230622279682315,-78.86924506300635,99.0,3.3623052951297785,0.05,0.013470888137817383,0.4015026092529297,0.024771845,0.012883948,-10.677715555546506,-0.6999597123749833,-0.22030124097071518,99.0,10000,1.8361773490905762,0.07717288280183685,0.07316159025485393,-9.109141654996574,100.0
436,40.137001514434814,-10.014067896189218,2.1303672805124934,-8.06626099624571,-23.00764307272143,100.0,2.5130445318286796,0.05,0.011771440505981445,0.4090392589569092,0.024848014,0.018985027,-10.611350789610778,-0.6894431092252207,-0.2031235761780048,100.0,10000,1.7732856273651123,0.015679689867517846,0.008859744300253426,-9.340007438232561,100.0
437,39.62556743621826,-10.451824345112904,5.33609568697076,-7.4226770472088806,-78.30710297345277,99.5,2.3500915560287385,0.05,0.013947725296020508,0.45000219345092773,0.025071543,0.017046446,-10.59539814516099,-0.6931388436205427,-0.2118756788269151,99.5,10000,1.9823665618896484,0.05061560413988709,0.04442283681625896,-9.466964378115575,100.0
438,39.76575040817261,-10.742611204741479,6.717942986151226,-7.251445516477011,-80.25589213605753,97.5,2.3851944012671975,0.05,0.012855768203735352,0.40320587158203125,0.025009396,0.01814549,-10.61011945111904,-0.6989464303631314,-0.21767564088281863,97.5,10000,2.1534605026245117,0.08114836977832293,0.07398852172673118,-9.000075051603117,100.0
439,38.97459387779236,-9.84226184746575,2.332334507777467,-7.1986228922715405,-27.562323046688782,100.0,2.368395306298698,0.05,0.012851238250732422,0.435077428817749,0.024926106,0.018471586,-10.533333690753711,-0.687664541684361,-0.19964471609948434,100.0,10000,1.8965601921081543,0.015565175209239931,0.010564453568768645,-9.73726880175592,100.0
440,40.64963698387146,-10.777740868808573,10.255782253627117,-7.303355546875592,-100.21919750178893,98.5,2.4283128893062393,0.05,0.012553930282592773,0.4411025047302246,0.024559554,0.018892314,-10.557774408559197,-0.6999383883815381,-0.21839752538752508,98.5,10000,1.8350398540496826,0.14962302305428804,0.14081133784564406,-9.016079757846722,100.0
441,61.77683472633362,-9.639301030847417,2.0705116914601085,-7.1111558840474265,-20.626065418300044,100.0,3.0205741979159026,0.05,0.014081478118896484,0.42935824394226074,0.025708985,0.015862135,-10.46592707078802,-0.6849341768535945,-0.1955909331323234,100.0,10000,1.6997520923614502,0.019687976906432408,0.008468648916286901,-8.986143472826843,100.0
442,39.596824407577515,-11.179791350809671,10.898555909952371,-7.345414103824854,-100.23843156545733,98.0,3.208441334755496,0.05,0.012496709823608398,0.42206573486328125,0.025013765,0.013667898,-10.537313498790185,-0.7039571441918695,-0.22645030881512135,98.0,10000,1.9718027114868164,0.17367672711609577,0.15092624838501265,-9.233267477661471,100.0
443,38.86109447479248,-11.222954622233916,12.115807625259755,-7.55579139924632,-103.7907491776812,98.0,3.0508202941508613,0.05,0.013122081756591797,0.4069399833679199,0.02499206,0.01728023,-10.605877611134558,-0.7068216929283164,-0.2272879835041099,98.0,10000,1.8395512104034424,0.1884213447768271,0.1809430858859067,-9.538314996675044,100.0
444,39.96144652366638,-9.926093183287295,3.3905292658095525,-7.098564435613612,-35.42407285562324,99.5,2.4234988055611573,0.05,0.012801170349121094,0.39568161964416504,0.024404395,0.022412237,-10.537899168349831,-0.6884025193504937,-0.20134315797067498,99.5,10000,1.9552583694458008,0.03812468303643055,0.02174552038196105,-9.350646640218987,100.0
445,38.80742955207825,-10.339322395605066,5.448484722552509,-7.311548982591743,-72.92756336380663,99.0,3.03118485867063,0.05,0.015119314193725586,0.4060401916503906,0.024454052,0.015206667,-10.518041491075355,-0.6944290704283085,-0.20964633894533244,99.0,10000,1.7932376861572266,0.057207161167847645,0.05129534530973886,-9.507611398037927,100.0
446,38.16036510467529,-10.157288784231083,3.142929521718325,-7.3849976561178945,-39.230778713898964,100.0,2.9768724751039524,0.05,0.011712312698364258,0.42058420181274414,0.024894921,0.01680755,-10.481966220390927,-0.6921567447347151,-0.2059905978422862,100.0,10000,1.829770565032959,0.020687739260844558,0.019911151111097942,-9.54948519647999,100.0
447,39.795209646224976,-10.634313742643108,6.070497058708446,-8.071708319965644,-82.26834470341643,99.0,2.201444921729352,0.05,0.016047954559326172,0.4007880687713623,0.024931,0.017965633,-10.497200972616145,-0.6978780745087331,-0.21553276079350836,99.0,10000,1.9667634963989258,0.0686388442082281,0.059380390393593024,-9.370186746570084,100.0
448,39.19327712059021,-10.550943865443223,5.850793722471086,-7.248553241640213,-80.93501596344802,99.5,2.801363873350539,0.05,0.013005733489990234,0.40938234329223633,0.025117457,0.0154836625,-10.502575261898853,-0.697030510777268,-0.21381795137177226,99.5,10000,1.8688616752624512,0.058641435217259175,0.05695151237835731,-9.928181744324181,100.0
449,40.00803542137146,-10.318052190267027,5.281887897080141,-8.019514267973223,-76.2766019333953,99.5,2.6428142392875533,0.05,0.013809680938720703,0.4136214256286621,0.024945753,0.016643126,-10.484122954735671,-0.6945258045339335,-0.20921680965115794,99.5,10000,1.9125120639801025,0.04854914664089778,0.04634686880867834,-10.035051549100242,100.0
450,39.76757550239563,-10.90524802419322,6.79368057736095,-7.480567748116375,-83.08379824395081,99.0,2.718247726676897,0.05,0.012742757797241211,0.4343757629394531,0.02459265,0.0157587,-10.526235461681427,-0.7008561801648904,-0.22089787112085205,99.0,10000,1.7230660915374756,0.07534669448169634,0.07251654621765224,-10.728528818244405,100.0
451,39.438454151153564,-10.742277348652893,5.651510242387161,-7.255563977289043,-81.98416600480971,99.5,2.6640399481852874,0.05,0.013502836227416992,0.43550729751586914,0.02521143,0.016817437,-10.547839650378574,-0.6986809698584954,-0.21767549753779383,99.5,10000,1.7962825298309326,0.05572352117097369,0.051945796876920344,-8.862719098356667,100.0
452,39.30019497871399,-10.08160106839366,2.4759828959009917,-7.234414712132996,-25.186897798708756,99.5,2.7752154833418703,0.05,0.015331506729125977,0.4407083988189697,0.02487982,0.017226629,-10.501215792180083,-0.6913180792943534,-0.204473537237115,99.5,10000,1.8776047229766846,0.014316171855828206,0.01222163296919556,-10.428232966005819,100.0
453,39.41253328323364,-9.852444781900495,2.128002391684232,-7.822886228502799,-25.16583334818618,100.0,2.960186406373735,0.05,0.013910293579101562,0.420163631439209,0.02454087,0.016622793,-10.436338691152125,-0.6877348009483822,-0.19990259353657855,100.0,10000,1.728287696838379,0.00891844591250477,0.00861025000215365,-9.981678099062496,100.0
454,41.26885008811951,-11.104200214028342,6.52313836948364,-7.388188923638816,-57.488287506446284,98.5,2.5968205136945466,0.05,0.017939329147338867,0.41525864601135254,0.02537753,0.01615197,-10.503124843439748,-0.7033846756782307,-0.22490223601716333,98.5,10000,2.0360326766967773,0.0758388471651576,0.07030642624030155,-10.378555905557391,100.0
455,40.92180609703064,-10.111521426188428,3.359130184487082,-7.865705163922494,-44.70500218601846,100.0,3.1164049514980428,0.05,0.013509988784790039,0.43460988998413086,0.025032783,0.014242313,-10.463964501714615,-0.6914081308304127,-0.2050603349504219,100.0,10000,1.9235854148864746,0.02322910030473076,0.019579718154503458,-9.755166397766704,100.0
456,40.47567391395569,-10.373346339228462,8.436597363882003,-7.236719560837599,-97.29650178792346,99.0,2.133937702474437,0.05,0.01523137092590332,0.4183809757232666,0.024731888,0.020595292,-10.454902685466001,-0.6943482877721504,-0.21030195255088735,99.0,10000,1.8391659259796143,0.10916444455196102,0.09389102321705206,-10.028829682436884,100.0
457,41.10414266586304,-10.058430152329532,3.9524190146421527,-7.199383052899761,-38.90531830484204,99.0,3.208192671295808,0.05,0.012247800827026367,0.435319185256958,0.024548383,0.013880092,-10.415255432152355,-0.6910554964612866,-0.2039872974964512,99.0,10000,1.938507318496704,0.031740737904076215,0.029445131685394914,-9.691864933913987,100.0
458,40.83040690422058,-10.694490594584037,7.7445512003695125,-6.615848276378695,-84.91060487799743,99.0,2.479324179434272,0.05,0.0140380859375,0.4366483688354492,0.024720693,0.018224927,-10.443178948395524,-0.6985599551559616,-0.2165969659943783,99.0,10000,1.7607643604278564,0.09596755093366358,0.09336175450395579,-9.532534605046576,100.0
459,41.15247917175293,-10.878470275142483,9.1650271198322,-7.4315917676451395,-97.97266593945261,98.5,2.593994227367557,0.05,0.013216257095336914,0.4441108703613281,0.025118623,0.017681587,-10.486708081070221,-0.7009176909836389,-0.2203972236874416,98.5,10000,1.9002819061279297,0.12269282411837647,0.12186819269097286,-9.84535050295438,100.0
460,41.38999676704407,-9.70588515401482,2.2479069355085457,-7.1961795118815965,-20.080123334209777,100.0,2.5389977935196084,0.05,0.012532711029052734,0.4246339797973633,0.024611026,0.021043459,-10.40862578836468,-0.6855980831580086,-0.1969361032509399,100.0,10000,2.0093564987182617,0.022074767279765248,0.010191868219821505,-9.764464514109934,100.0
461,41.17509436607361,-10.137568837624835,6.717289926976481,-7.298968798396887,-78.68133536059064,98.5,2.786743281228306,0.05,0.014722347259521484,0.44857001304626465,0.024798127,0.014390333,-10.381520093290696,-0.691554555172641,-0.20549518202117986,98.5,10000,1.9255757331848145,0.07232253587417502,0.0688527844648585,-9.626687127208573,100.0
462,41.19440245628357,-10.577493072711192,8.53509509210174,-7.038018857854868,-96.15034738477372,98.5,2.138120721849192,0.05,0.012521028518676758,0.40317702293395996,0.024874602,0.019489307,-10.401117391232747,-0.6964003069392504,-0.21409564673964404,98.5,10000,2.0003254413604736,0.10719659156308897,0.09904670049396722,-10.61005243507878,100.0
463,40.47513723373413,-10.356623907291613,4.666920673895471,-7.276165442095425,-60.55172695949586,99.0,2.8698324266427875,0.05,0.014532804489135742,0.41432642936706543,0.024537519,0.016657885,-10.396668042838634,-0.6948906691186059,-0.20996188371987862,99.0,10000,1.8351247310638428,0.046809019596838204,0.04265654937518028,-10.430893365834574,100.0
464,41.52478075027466,-10.257379197191007,4.0679630444578,-7.367309739950664,-55.7459337429821,99.5,2.426063361672202,0.05,0.013273954391479492,0.4548318386077881,0.025440356,0.01830604,-10.382739158273871,-0.6936412107634686,-0.20799836475970992,99.5,10000,2.102890729904175,0.028332939112929913,0.027749321603951865,-9.933129215571187,100.0
465,41.56050658226013,-10.159413128712997,3.9513557942210906,-7.261079683635562,-53.12204606138682,99.0,2.7666502105219273,0.05,0.012421369552612305,0.4064013957977295,0.025132483,0.01578781,-10.360406555317784,-0.6921970883544156,-0.2058741715629501,99.0,10000,1.7984533309936523,0.029356582431405317,0.02820282659390931,-9.591068527780108,100.0
466,41.21577262878418,-9.795457019002585,2.4744157883316564,-6.462762710076591,-31.212890595691263,100.0,3.080049144966229,0.05,0.012706518173217773,0.44461965560913086,0.025155628,0.015494615,-10.303911601686265,-0.6869160341605375,-0.19875928184240096,100.0,10000,1.9513030052185059,0.01272317080327604,0.011905091431027031,-9.79312467773693,100.0
467,41.145732164382935,-9.902465558828018,2.837176667525931,-6.453296184120775,-29.45241868106207,99.0,2.4946489683856345,0.05,0.01258993148803711,0.430905818939209,0.024813375,0.01883932,-10.26376699740044,-0.6885341647034638,-0.20089455819783417,99.0,10000,1.9002764225006104,0.018934487330598642,0.018526814746774787,-9.734619070712847,100.0
468,41.146759033203125,-9.553637310794084,2.653654514240693,-6.247234354203787,-39.178741460479706,99.5,2.7847012683330523,0.05,0.014929771423339844,0.4629786014556885,0.025373584,0.01739286,-10.192754028739804,-0.6834985516532504,-0.19390658942481312,99.5,10000,1.9011023044586182,0.013070222913642082,0.01271236113864704,-9.61350079578612,100.0
469,40.8940966129303,-9.696926113107818,4.090647692344076,-7.178366284055164,-47.83250696387764,99.5,2.4167204075514173,0.05,0.016738414764404297,0.45204710960388184,0.025213962,0.01637416,-10.143171237176606,-0.6854648329076883,-0.19676855578470856,99.5,10000,1.945159673690796,0.028553215448525546,0.025895126932478457,-9.999493920511512,100.0
470,40.400272369384766,-9.810136871535553,4.237497118376782,-7.077070322725222,-60.92339724906421,99.5,3.0063319041915717,0.05,0.016259193420410156,0.45753026008605957,0.025200877,0.014211768,-10.109867800612502,-0.6874159000856932,-0.19904019247143434,99.5,10000,1.902104377746582,0.032530542126711526,0.03031057861521083,-9.192236305734387,100.0
471,41.11310029029846,-10.351098638952319,8.467211788747822,-7.1923131067632475,-98.5470905495446,98.5,2.072933822691562,0.05,0.015174150466918945,0.4352426528930664,0.025589453,0.020990716,-10.133990884446483,-0.6944760216457796,-0.20986568627124214,98.5,10000,2.1448287963867188,0.11912740158758617,0.11721798401359551,-9.753421607183956,100.0
472,40.91353917121887,-9.741144520060605,2.69608724878467,-6.375060336546275,-33.79676000087571,100.0,2.3104285929135475,0.05,0.019008398056030273,0.4315319061279297,0.02497894,0.021318052,-10.094706248007896,-0.6864407115065205,-0.1976619743304459,100.0,10000,1.9443252086639404,0.03420915028351645,0.014049914245668683,-9.851473124740746,100.0
473,41.54736304283142,-10.017778955935047,4.164472414288699,-6.494780536335069,-46.06764780196862,99.0,2.447097039724866,0.05,0.013833284378051758,0.41962671279907227,0.024915684,0.017642256,-10.08701351880061,-0.6902393750996797,-0.20319517105392507,99.0,10000,1.8622322082519531,0.031144026668973486,0.029958660079928014,-8.968211748222414,100.0
474,39.33674144744873,-11.003986355877586,7.493079249911018,-6.579304814440773,-74.45310865620013,98.5,2.2070571541036847,0.05,0.015264511108398438,0.4224224090576172,0.025113508,0.019785658,-10.178710802508308,-0.7013393479392775,-0.22293025087064666,98.5,10000,1.8860397338867188,0.10149396163801619,0.09032760358583973,-9.638683700943513,100.0
475,41.04634404182434,-9.792665421427596,4.93130513661836,-6.55791817620958,-54.38610449737007,99.0,2.313853463630016,0.05,0.013256549835205078,0.422100305557251,0.024717871,0.019624535,-10.140106264400236,-0.6864755423967698,-0.19866437159273506,99.0,10000,1.8263287544250488,0.04142492405969293,0.03689757882981058,-9.637615002984502,100.0
476,41.173470973968506,-10.707158255879822,6.971836063597563,-6.563134824727687,-66.04047731881776,98.0,2.766656127303561,0.05,0.01240849494934082,0.40926170349121094,0.024808582,0.015736794,-10.196811463548194,-0.6988917503026043,-0.2169194209563465,98.0,10000,1.925987958908081,0.08306133506018044,0.07958094554226258,-9.581484404158784,100.0
477,41.3753125667572,-10.300526215057346,6.1323372505912115,-6.613877856027626,-75.89303998037069,98.5,2.8448324696449423,0.05,0.014540672302246094,0.4589395523071289,0.025075713,0.015615724,-10.20718293869911,-0.6937953374923833,-0.20885995117040124,98.5,10000,1.9087185859680176,0.06529621657776694,0.06292245405754925,-9.601407502497988,100.0
478,39.81555962562561,-9.650051879956582,2.3765294775535155,-7.109266141406377,-27.543566863807342,99.5,3.0031270631760734,0.05,0.011930465698242188,0.41448235511779785,0.024951063,0.016182637,-10.151469832824858,-0.6862964814859812,-0.1958223107930953,99.5,10000,1.9129385948181152,0.012618025242748522,0.010425489337365668,-9.663848867130808,100.0
479,39.59863543510437,-9.62428088661931,2.537777519827821,-6.472340786225612,-26.517573506818334,100.0,3.3465431653552997,0.05,0.013377189636230469,0.41750097274780273,0.024970945,0.015494181,-10.098750938204303,-0.6846813183308543,-0.19531168337617152,100.0,10000,1.791654348373413,0.01216348772288635,0.011804971878858928,-9.591415957387767,100.0
480,40.14638924598694,-9.773772413946073,3.2345347595782448,-6.963286978460106,-44.81015720118693,100.0,2.5665224206509336,0.05,0.013161420822143555,0.4312610626220703,0.025167638,0.017105548,-10.06625308577848,-0.6856592198830314,-0.19815148735878219,100.0,10000,1.736262321472168,0.01935675629984701,0.018903378596500105,-9.582582739930391,100.0
481,39.19128894805908,-10.340317239329563,6.874208583256223,-6.668729987789384,-89.86234514677199,98.5,2.3040332894714632,0.05,0.01283407211303711,0.45167016983032227,0.024330085,0.015819404,-10.09365950113359,-0.692768940949897,-0.20910003407545616,98.5,10000,1.7999556064605713,0.08048661138272846,0.06854020190681863,-9.558555892252462,100.0
482,39.28491711616516,-10.011887427097863,5.049052330317229,-6.489938812564332,-63.6136576762463,99.0,2.5044673921211333,0.05,0.015134334564208984,0.4084012508392334,0.02502082,0.016920846,-10.085482293730017,-0.6887164297709567,-0.20308283283002906,99.0,10000,1.937788486480713,0.04486807314714786,0.04262410665791522,-9.527254168998088,100.0
483,39.562732458114624,-9.626415476417437,2.8550875964712414,-7.435554324581135,-36.140016693124046,99.5,2.828702889753568,0.05,0.013403892517089844,0.43879103660583496,0.025527664,0.01573618,-10.039575611998758,-0.6844308714232555,-0.19538725934637985,99.5,10000,1.987562656402588,0.01660452444382095,0.016054596024246293,-8.969017236650405,100.0
484,39.20959210395813,-9.681558716367162,3.460187021940265,-6.4910529165101805,-52.18435864018239,99.5,2.8933257027628883,0.05,0.011478424072265625,0.4281325340270996,0.02440814,0.014510345,-10.003773922435599,-0.6847593401749091,-0.19645466831634073,99.5,10000,1.8937647342681885,0.020089235842850543,0.019538586059762275,-8.934477002173155,100.0
485,39.347803592681885,-9.496410317974705,2.9486520199966657,-6.45917810201991,-37.76371600707678,99.5,2.598927255033561,0.05,0.014706850051879883,0.42218732833862305,0.024789274,0.016545331,-9.953037561989511,-0.6826306211259157,-0.192768067920856,99.5,10000,1.8128931522369385,0.015183127598742617,0.0152973823232905,-8.975810413011398,100.0
486,39.765992164611816,-10.135800441067055,3.7271083643428415,-6.641335927637979,-39.84957076905496,100.0,3.0662967517501314,0.05,0.013040542602539062,0.4192521572113037,0.024662755,0.016597802,-9.971313849897266,-0.6921572743270346,-0.20555172725871748,100.0,10000,2.017050266265869,0.025579697324961712,0.025111179091938357,-8.928137820333585,100.0
487,39.445642709732056,-9.920864800203164,3.8431294342588735,-6.762836099215613,-48.09059716214584,99.0,2.7567865201602824,0.05,0.010892629623413086,0.4195420742034912,0.025083898,0.017308995,-9.966268944927855,-0.6882714554861764,-0.2012671815016561,99.0,10000,1.6878986358642578,0.029275253890627552,0.027199324171204714,-9.604727893764451,100.0
488,39.321818113327026,-10.689185730405665,6.7961260061403,-6.389436348353455,-83.39204137244415,98.5,2.5067170124343963,0.05,0.014091730117797852,0.4494168758392334,0.024676152,0.0177722,-10.038560623475636,-0.698147734129158,-0.21650355122548462,98.5,10000,1.767289161682129,0.07546271013813638,0.0687428838914486,-9.04790779917953,100.0
489,40.04721164703369,-10.7914102633652,7.756557285323109,-7.306015570282004,-90.20475474254775,98.0,2.4460930640501624,0.05,0.013301849365234375,0.41306591033935547,0.024750635,0.016501239,-10.113845587464594,-0.6996881194862837,-0.21869139478201902,98.0,10000,1.9619035720825195,0.08831539929623479,0.08645878604725477,-9.638924239572129,100.0
490,39.671876668930054,-9.828766078858008,2.5558193631783843,-6.530707933630803,-23.654718990199353,100.0,2.507990563634522,0.05,0.011558771133422852,0.4011952877044678,0.025115218,0.019892212,-10.085337636603937,-0.6870529623229206,-0.1994214718650678,100.0,10000,1.91286039352417,0.01339552599805885,0.012094478147362335,-9.625652743848551,100.0
491,39.612003326416016,-10.133164823541376,4.56475413421609,-6.49737750216868,-58.842593740575786,99.5,2.6466385729601636,0.05,0.012821197509765625,0.4551703929901123,0.02480052,0.017488364,-10.090120355297682,-0.6903221587161211,-0.20548204461403385,99.5,10000,1.78159761428833,0.036729530485847005,0.03454944063827704,-9.004064674923669,100.0
492,39.14410948753357,-9.581531854561353,2.6966413473773057,-6.808952536935493,-32.68417655034165,99.5,2.940475277691657,0.05,0.01444697380065918,0.4530031681060791,0.02542111,0.014655614,-10.039261505224049,-0.6841243413679805,-0.19447521327120296,99.5,10000,1.932314157485962,0.013598087993575815,0.012643252932227744,-9.015979733297936,100.0
493,39.56649136543274,-10.027111171170432,4.544460078454444,-7.096542737577879,-52.73148702373821,99.0,2.9048917112412607,0.05,0.013427972793579102,0.43399643898010254,0.025077978,0.01608217,-10.038046471818687,-0.6894747970266902,-0.20337369759710705,99.0,10000,1.9109981060028076,0.03894539878197239,0.03611899596617363,-9.015435442172274,100.0
494,39.355127573013306,-9.775022958734638,3.747023542220741,-7.069548333978103,-41.738082687920716,100.0,2.9492239192102603,0.05,0.012987136840820312,0.4257018566131592,0.024281658,0.0148217995,-10.011744120510283,-0.6863945779496126,-0.19818438723808682,100.0,10000,1.9738197326660156,0.02555512256657397,0.024696632952642433,-9.037892428193569,100.0
495,38.63430857658386,-9.599145611561244,3.597134752427187,-6.108534789174318,-45.37909439987841,99.0,2.6782995006024963,0.05,0.011861562728881836,0.38894152641296387,0.025248678,0.017725246,-9.970484269615378,-0.6843969595226918,-0.19484030910671812,99.0,10000,2.0421204566955566,0.02553517336599076,0.028203772023218367,-8.978290680364125,100.0
496,39.26996660232544,-9.914245923142339,5.946773962706685,-6.322361518836076,-81.21186445806039,98.5,2.92840089721445,0.05,0.014237403869628906,0.4307878017425537,0.025403624,0.016301503,-9.964860434968074,-0.6892099797863966,-0.20109382027202075,98.5,10000,1.8761091232299805,0.0614317422618539,0.05530556173957022,-9.195019968409827,100.0
497,38.834105253219604,-9.627241089657751,2.8439054189888395,-6.332743096924592,-32.75330264471419,100.0,3.494031201406295,0.05,0.01238560676574707,0.4436757564544678,0.024854135,0.014174775,-9.931098500437042,-0.6846614972490985,-0.19538282891715325,100.0,10000,1.8227801322937012,0.015078925607725599,0.014311668622816836,-9.528434255488515,100.0
498,39.19774293899536,-9.31326403251089,1.7859085515557698,-6.607620350523529,-21.23953792539714,100.0,2.9302042505783072,0.05,0.01426243782043457,0.46475911140441895,0.024347609,0.016054088,-9.869315053644428,-0.6811570019931327,-0.18912121741805735,100.0,10000,1.8360202312469482,0.006622970997007654,0.006072392655630874,-10.030816588001077,100.0
499,39.61845850944519,-9.383313933532872,2.180118552227404,-6.390239145119031,-27.09131306064082,100.0,2.9574178258279806,0.05,0.01002049446105957,0.4182600975036621,0.02511479,0.01658737,-9.820714941633273,-0.681484284527605,-0.19051507105193763,100.0,10000,1.9706461429595947,0.008696820258407888,0.008627129640094692,-9.271827311908826,100.0
500,39.8705530166626,-9.488679249471694,3.1596563967586526,-6.424716433674916,-40.11310534970635,100.0,3.448515073659924,0.05,0.013442277908325195,0.4252908229827881,0.0241965,0.012545259,-9.787511372417116,-0.6819255775747434,-0.1926044506626583,100.0,10000,1.7955408096313477,0.01725808219531372,0.017215208133106792,-9.200600195256843,100.0
